(kicad_pcb (version 20171130) (host pcbnew "(5.1.9-0-10_14)")

  (general
    (thickness 1.6)
    (drawings 4)
    (tracks 490)
    (zones 0)
    (modules 56)
    (nets 56)
  )

  (page A4)
  (layers
    (0 F.Cu signal)
    (31 B.Cu signal)
    (32 B.Adhes user)
    (33 F.Adhes user)
    (34 B.Paste user)
    (35 F.Paste user)
    (36 B.SilkS user)
    (37 F.SilkS user hide)
    (38 B.Mask user)
    (39 F.Mask user)
    (40 Dwgs.User user hide)
    (41 Cmts.User user)
    (42 Eco1.User user)
    (43 Eco2.User user)
    (44 Edge.Cuts user)
    (45 Margin user)
    (46 B.CrtYd user)
    (47 F.CrtYd user)
    (48 B.Fab user hide)
    (49 F.Fab user hide)
  )

  (setup
    (last_trace_width 0.254)
    (user_trace_width 0.254)
    (user_trace_width 0.508)
    (trace_clearance 0.2)
    (zone_clearance 0.508)
    (zone_45_only no)
    (trace_min 0.2)
    (via_size 0.8)
    (via_drill 0.4)
    (via_min_size 0.4)
    (via_min_drill 0.3)
    (user_via 0.6096 0.3048)
    (uvia_size 0.3)
    (uvia_drill 0.1)
    (uvias_allowed no)
    (uvia_min_size 0.2)
    (uvia_min_drill 0.1)
    (edge_width 0.05)
    (segment_width 0.2)
    (pcb_text_width 0.3)
    (pcb_text_size 1.5 1.5)
    (mod_edge_width 0.12)
    (mod_text_size 1 1)
    (mod_text_width 0.15)
    (pad_size 1.524 1.524)
    (pad_drill 0.762)
    (pad_to_mask_clearance 0)
    (aux_axis_origin 0 0)
    (visible_elements FFFFFF7F)
    (pcbplotparams
      (layerselection 0x010fc_ffffffff)
      (usegerberextensions false)
      (usegerberattributes true)
      (usegerberadvancedattributes true)
      (creategerberjobfile true)
      (excludeedgelayer true)
      (linewidth 0.100000)
      (plotframeref false)
      (viasonmask false)
      (mode 1)
      (useauxorigin false)
      (hpglpennumber 1)
      (hpglpenspeed 20)
      (hpglpendiameter 15.000000)
      (psnegative false)
      (psa4output false)
      (plotreference true)
      (plotvalue true)
      (plotinvisibletext false)
      (padsonsilk false)
      (subtractmaskfromsilk false)
      (outputformat 1)
      (mirror false)
      (drillshape 1)
      (scaleselection 1)
      (outputdirectory ""))
  )

  (net 0 "")
  (net 1 +5V)
  (net 2 GND)
  (net 3 +3V3)
  (net 4 I2S_WCLK)
  (net 5 I2S_DATA)
  (net 6 I2S_DCLK)
  (net 7 RADIO_REFCLK)
  (net 8 DAC_REFCLK)
  (net 9 SPI_MOSI)
  (net 10 SPI_CLK)
  (net 11 "Net-(C12-Pad1)")
  (net 12 "Net-(C16-Pad1)")
  (net 13 "Net-(C19-Pad1)")
  (net 14 "Net-(C19-Pad2)")
  (net 15 "Net-(C20-Pad2)")
  (net 16 "Net-(C20-Pad1)")
  (net 17 AUDIO_R)
  (net 18 AUDIO_L)
  (net 19 "Net-(J1-Pad2)")
  (net 20 "Net-(J1-Pad3)")
  (net 21 "Net-(L1-Pad1)")
  (net 22 I2C_SDA)
  (net 23 /I2S_WCLK_R)
  (net 24 /I2S_DATA_R)
  (net 25 /I2S_DCLK_R)
  (net 26 /RAD_CLK_R)
  (net 27 /DAC_CLK_R)
  (net 28 /SPI_MOSI_R)
  (net 29 /SPI_CLK_R)
  (net 30 /SPI_CS_R)
  (net 31 I2C_SCK)
  (net 32 /ANTENNA)
  (net 33 DAC_~RST~)
  (net 34 SPI_~CS~)
  (net 35 "Net-(R17-Pad1)")
  (net 36 RADIO_~RST~)
  (net 37 "Net-(R19-Pad1)")
  (net 38 "Net-(R20-Pad1)")
  (net 39 "Net-(R21-Pad1)")
  (net 40 "Net-(R22-Pad2)")
  (net 41 "Net-(R23-Pad2)")
  (net 42 "Net-(U1-Pad1)")
  (net 43 "Net-(U1-Pad2)")
  (net 44 "Net-(U1-Pad3)")
  (net 45 "Net-(U1-Pad5)")
  (net 46 "Net-(U1-Pad6)")
  (net 47 "Net-(U1-Pad7)")
  (net 48 "Net-(U1-Pad9)")
  (net 49 "Net-(U1-Pad11)")
  (net 50 "Net-(U1-Pad12)")
  (net 51 "Net-(U1-Pad18)")
  (net 52 "Net-(U1-Pad19)")
  (net 53 "Net-(U1-Pad25)")
  (net 54 "Net-(U1-Pad8)")
  (net 55 "Net-(U1-Pad27)")

  (net_class Default "This is the default net class."
    (clearance 0.2)
    (trace_width 0.25)
    (via_dia 0.8)
    (via_drill 0.4)
    (uvia_dia 0.3)
    (uvia_drill 0.1)
    (add_net +3V3)
    (add_net +5V)
    (add_net /ANTENNA)
    (add_net /DAC_CLK_R)
    (add_net /I2S_DATA_R)
    (add_net /I2S_DCLK_R)
    (add_net /I2S_WCLK_R)
    (add_net /RAD_CLK_R)
    (add_net /SPI_CLK_R)
    (add_net /SPI_CS_R)
    (add_net /SPI_MOSI_R)
    (add_net AUDIO_L)
    (add_net AUDIO_R)
    (add_net DAC_REFCLK)
    (add_net DAC_~RST~)
    (add_net GND)
    (add_net I2C_SCK)
    (add_net I2C_SDA)
    (add_net I2S_DATA)
    (add_net I2S_DCLK)
    (add_net I2S_WCLK)
    (add_net "Net-(C12-Pad1)")
    (add_net "Net-(C16-Pad1)")
    (add_net "Net-(C19-Pad1)")
    (add_net "Net-(C19-Pad2)")
    (add_net "Net-(C20-Pad1)")
    (add_net "Net-(C20-Pad2)")
    (add_net "Net-(J1-Pad2)")
    (add_net "Net-(J1-Pad3)")
    (add_net "Net-(L1-Pad1)")
    (add_net "Net-(R17-Pad1)")
    (add_net "Net-(R19-Pad1)")
    (add_net "Net-(R20-Pad1)")
    (add_net "Net-(R21-Pad1)")
    (add_net "Net-(R22-Pad2)")
    (add_net "Net-(R23-Pad2)")
    (add_net "Net-(U1-Pad1)")
    (add_net "Net-(U1-Pad11)")
    (add_net "Net-(U1-Pad12)")
    (add_net "Net-(U1-Pad18)")
    (add_net "Net-(U1-Pad19)")
    (add_net "Net-(U1-Pad2)")
    (add_net "Net-(U1-Pad25)")
    (add_net "Net-(U1-Pad27)")
    (add_net "Net-(U1-Pad3)")
    (add_net "Net-(U1-Pad5)")
    (add_net "Net-(U1-Pad6)")
    (add_net "Net-(U1-Pad7)")
    (add_net "Net-(U1-Pad8)")
    (add_net "Net-(U1-Pad9)")
    (add_net RADIO_REFCLK)
    (add_net RADIO_~RST~)
    (add_net SPI_CLK)
    (add_net SPI_MOSI)
    (add_net SPI_~CS~)
  )

  (module Capacitor_SMD:C_0402_1005Metric (layer B.Cu) (tedit 5F68FEEE) (tstamp 608F5561)
    (at 189.62 106.15 180)
    (descr "Capacitor SMD 0402 (1005 Metric), square (rectangular) end terminal, IPC_7351 nominal, (Body size source: IPC-SM-782 page 76, https://www.pcb-3d.com/wordpress/wp-content/uploads/ipc-sm-782a_amendment_1_and_2.pdf), generated with kicad-footprint-generator")
    (tags capacitor)
    (path /60ACEAFF)
    (attr smd)
    (fp_text reference C7 (at 0 1.16) (layer B.SilkS)
      (effects (font (size 1 1) (thickness 0.15)) (justify mirror))
    )
    (fp_text value 22n (at 0 -1.16) (layer B.Fab)
      (effects (font (size 1 1) (thickness 0.15)) (justify mirror))
    )
    (fp_text user %R (at 0 0) (layer B.Fab)
      (effects (font (size 0.25 0.25) (thickness 0.04)) (justify mirror))
    )
    (fp_line (start -0.5 -0.25) (end -0.5 0.25) (layer B.Fab) (width 0.1))
    (fp_line (start -0.5 0.25) (end 0.5 0.25) (layer B.Fab) (width 0.1))
    (fp_line (start 0.5 0.25) (end 0.5 -0.25) (layer B.Fab) (width 0.1))
    (fp_line (start 0.5 -0.25) (end -0.5 -0.25) (layer B.Fab) (width 0.1))
    (fp_line (start -0.107836 0.36) (end 0.107836 0.36) (layer B.SilkS) (width 0.12))
    (fp_line (start -0.107836 -0.36) (end 0.107836 -0.36) (layer B.SilkS) (width 0.12))
    (fp_line (start -0.91 -0.46) (end -0.91 0.46) (layer B.CrtYd) (width 0.05))
    (fp_line (start -0.91 0.46) (end 0.91 0.46) (layer B.CrtYd) (width 0.05))
    (fp_line (start 0.91 0.46) (end 0.91 -0.46) (layer B.CrtYd) (width 0.05))
    (fp_line (start 0.91 -0.46) (end -0.91 -0.46) (layer B.CrtYd) (width 0.05))
    (pad 2 smd roundrect (at 0.48 0 180) (size 0.56 0.62) (layers B.Cu B.Paste B.Mask) (roundrect_rratio 0.25)
      (net 2 GND))
    (pad 1 smd roundrect (at -0.48 0 180) (size 0.56 0.62) (layers B.Cu B.Paste B.Mask) (roundrect_rratio 0.25)
      (net 7 RADIO_REFCLK))
    (model ${KISYS3DMOD}/Capacitor_SMD.3dshapes/C_0402_1005Metric.wrl
      (at (xyz 0 0 0))
      (scale (xyz 1 1 1))
      (rotate (xyz 0 0 0))
    )
  )

  (module Resistor_SMD:R_0402_1005Metric (layer B.Cu) (tedit 5F68FEEE) (tstamp 608F5715)
    (at 189.6 107.15 180)
    (descr "Resistor SMD 0402 (1005 Metric), square (rectangular) end terminal, IPC_7351 nominal, (Body size source: IPC-SM-782 page 72, https://www.pcb-3d.com/wordpress/wp-content/uploads/ipc-sm-782a_amendment_1_and_2.pdf), generated with kicad-footprint-generator")
    (tags resistor)
    (path /60A80AF7)
    (attr smd)
    (fp_text reference R7 (at 0 1.17) (layer B.SilkS)
      (effects (font (size 1 1) (thickness 0.15)) (justify mirror))
    )
    (fp_text value 100 (at 0 -1.17) (layer B.Fab)
      (effects (font (size 1 1) (thickness 0.15)) (justify mirror))
    )
    (fp_line (start 0.93 -0.47) (end -0.93 -0.47) (layer B.CrtYd) (width 0.05))
    (fp_line (start 0.93 0.47) (end 0.93 -0.47) (layer B.CrtYd) (width 0.05))
    (fp_line (start -0.93 0.47) (end 0.93 0.47) (layer B.CrtYd) (width 0.05))
    (fp_line (start -0.93 -0.47) (end -0.93 0.47) (layer B.CrtYd) (width 0.05))
    (fp_line (start -0.153641 -0.38) (end 0.153641 -0.38) (layer B.SilkS) (width 0.12))
    (fp_line (start -0.153641 0.38) (end 0.153641 0.38) (layer B.SilkS) (width 0.12))
    (fp_line (start 0.525 -0.27) (end -0.525 -0.27) (layer B.Fab) (width 0.1))
    (fp_line (start 0.525 0.27) (end 0.525 -0.27) (layer B.Fab) (width 0.1))
    (fp_line (start -0.525 0.27) (end 0.525 0.27) (layer B.Fab) (width 0.1))
    (fp_line (start -0.525 -0.27) (end -0.525 0.27) (layer B.Fab) (width 0.1))
    (fp_text user %R (at 0 0) (layer B.Fab)
      (effects (font (size 0.26 0.26) (thickness 0.04)) (justify mirror))
    )
    (pad 1 smd roundrect (at -0.51 0 180) (size 0.54 0.64) (layers B.Cu B.Paste B.Mask) (roundrect_rratio 0.25)
      (net 7 RADIO_REFCLK))
    (pad 2 smd roundrect (at 0.51 0 180) (size 0.54 0.64) (layers B.Cu B.Paste B.Mask) (roundrect_rratio 0.25)
      (net 26 /RAD_CLK_R))
    (model ${KISYS3DMOD}/Resistor_SMD.3dshapes/R_0402_1005Metric.wrl
      (at (xyz 0 0 0))
      (scale (xyz 1 1 1))
      (rotate (xyz 0 0 0))
    )
  )

  (module TestPoint:TestPoint_THTPad_D2.0mm_Drill1.0mm (layer F.Cu) (tedit 5A0F774F) (tstamp 608F5871)
    (at 184 128)
    (descr "THT pad as test Point, diameter 2.0mm, hole diameter 1.0mm")
    (tags "test point THT pad")
    (path /60B0FCFF)
    (attr virtual)
    (fp_text reference TP1 (at 0 -1.998) (layer F.SilkS)
      (effects (font (size 1 1) (thickness 0.15)))
    )
    (fp_text value TestPoint (at 0 2.05) (layer F.Fab)
      (effects (font (size 1 1) (thickness 0.15)))
    )
    (fp_text user %R (at 0 -2) (layer F.Fab)
      (effects (font (size 1 1) (thickness 0.15)))
    )
    (fp_circle (center 0 0) (end 1.5 0) (layer F.CrtYd) (width 0.05))
    (fp_circle (center 0 0) (end 0 1.2) (layer F.SilkS) (width 0.12))
    (pad 1 thru_hole circle (at 0 0) (size 2 2) (drill 1) (layers *.Cu *.Mask)
      (net 21 "Net-(L1-Pad1)"))
  )

  (module Capacitor_SMD:C_0402_1005Metric (layer B.Cu) (tedit 5F68FEEE) (tstamp 608F54FB)
    (at 197.25 108 90)
    (descr "Capacitor SMD 0402 (1005 Metric), square (rectangular) end terminal, IPC_7351 nominal, (Body size source: IPC-SM-782 page 76, https://www.pcb-3d.com/wordpress/wp-content/uploads/ipc-sm-782a_amendment_1_and_2.pdf), generated with kicad-footprint-generator")
    (tags capacitor)
    (path /60C06EC0)
    (attr smd)
    (fp_text reference C1 (at 0 1.16 270) (layer B.SilkS)
      (effects (font (size 1 1) (thickness 0.15)) (justify mirror))
    )
    (fp_text value 0.1u (at 0 -1.16 270) (layer B.Fab)
      (effects (font (size 1 1) (thickness 0.15)) (justify mirror))
    )
    (fp_line (start 0.91 -0.46) (end -0.91 -0.46) (layer B.CrtYd) (width 0.05))
    (fp_line (start 0.91 0.46) (end 0.91 -0.46) (layer B.CrtYd) (width 0.05))
    (fp_line (start -0.91 0.46) (end 0.91 0.46) (layer B.CrtYd) (width 0.05))
    (fp_line (start -0.91 -0.46) (end -0.91 0.46) (layer B.CrtYd) (width 0.05))
    (fp_line (start -0.107836 -0.36) (end 0.107836 -0.36) (layer B.SilkS) (width 0.12))
    (fp_line (start -0.107836 0.36) (end 0.107836 0.36) (layer B.SilkS) (width 0.12))
    (fp_line (start 0.5 -0.25) (end -0.5 -0.25) (layer B.Fab) (width 0.1))
    (fp_line (start 0.5 0.25) (end 0.5 -0.25) (layer B.Fab) (width 0.1))
    (fp_line (start -0.5 0.25) (end 0.5 0.25) (layer B.Fab) (width 0.1))
    (fp_line (start -0.5 -0.25) (end -0.5 0.25) (layer B.Fab) (width 0.1))
    (fp_text user %R (at 0 0 270) (layer B.Fab)
      (effects (font (size 0.25 0.25) (thickness 0.04)) (justify mirror))
    )
    (pad 1 smd roundrect (at -0.48 0 90) (size 0.56 0.62) (layers B.Cu B.Paste B.Mask) (roundrect_rratio 0.25)
      (net 1 +5V))
    (pad 2 smd roundrect (at 0.48 0 90) (size 0.56 0.62) (layers B.Cu B.Paste B.Mask) (roundrect_rratio 0.25)
      (net 2 GND))
    (model ${KISYS3DMOD}/Capacitor_SMD.3dshapes/C_0402_1005Metric.wrl
      (at (xyz 0 0 0))
      (scale (xyz 1 1 1))
      (rotate (xyz 0 0 0))
    )
  )

  (module Capacitor_SMD:C_0603_1608Metric (layer B.Cu) (tedit 5F68FEEE) (tstamp 608F550C)
    (at 189.5 118.5 90)
    (descr "Capacitor SMD 0603 (1608 Metric), square (rectangular) end terminal, IPC_7351 nominal, (Body size source: IPC-SM-782 page 76, https://www.pcb-3d.com/wordpress/wp-content/uploads/ipc-sm-782a_amendment_1_and_2.pdf), generated with kicad-footprint-generator")
    (tags capacitor)
    (path /60E994A0)
    (attr smd)
    (fp_text reference C2 (at 0 1.43 270) (layer B.SilkS)
      (effects (font (size 1 1) (thickness 0.15)) (justify mirror))
    )
    (fp_text value 10u (at 0 -1.43 270) (layer B.Fab)
      (effects (font (size 1 1) (thickness 0.15)) (justify mirror))
    )
    (fp_text user %R (at 0 0 270) (layer B.Fab)
      (effects (font (size 0.4 0.4) (thickness 0.06)) (justify mirror))
    )
    (fp_line (start -0.8 -0.4) (end -0.8 0.4) (layer B.Fab) (width 0.1))
    (fp_line (start -0.8 0.4) (end 0.8 0.4) (layer B.Fab) (width 0.1))
    (fp_line (start 0.8 0.4) (end 0.8 -0.4) (layer B.Fab) (width 0.1))
    (fp_line (start 0.8 -0.4) (end -0.8 -0.4) (layer B.Fab) (width 0.1))
    (fp_line (start -0.14058 0.51) (end 0.14058 0.51) (layer B.SilkS) (width 0.12))
    (fp_line (start -0.14058 -0.51) (end 0.14058 -0.51) (layer B.SilkS) (width 0.12))
    (fp_line (start -1.48 -0.73) (end -1.48 0.73) (layer B.CrtYd) (width 0.05))
    (fp_line (start -1.48 0.73) (end 1.48 0.73) (layer B.CrtYd) (width 0.05))
    (fp_line (start 1.48 0.73) (end 1.48 -0.73) (layer B.CrtYd) (width 0.05))
    (fp_line (start 1.48 -0.73) (end -1.48 -0.73) (layer B.CrtYd) (width 0.05))
    (pad 2 smd roundrect (at 0.775 0 90) (size 0.9 0.95) (layers B.Cu B.Paste B.Mask) (roundrect_rratio 0.25)
      (net 2 GND))
    (pad 1 smd roundrect (at -0.775 0 90) (size 0.9 0.95) (layers B.Cu B.Paste B.Mask) (roundrect_rratio 0.25)
      (net 1 +5V))
    (model ${KISYS3DMOD}/Capacitor_SMD.3dshapes/C_0603_1608Metric.wrl
      (at (xyz 0 0 0))
      (scale (xyz 1 1 1))
      (rotate (xyz 0 0 0))
    )
  )

  (module Capacitor_SMD:C_0603_1608Metric (layer B.Cu) (tedit 5F68FEEE) (tstamp 608F551D)
    (at 210 118.5 270)
    (descr "Capacitor SMD 0603 (1608 Metric), square (rectangular) end terminal, IPC_7351 nominal, (Body size source: IPC-SM-782 page 76, https://www.pcb-3d.com/wordpress/wp-content/uploads/ipc-sm-782a_amendment_1_and_2.pdf), generated with kicad-footprint-generator")
    (tags capacitor)
    (path /60B4648E)
    (attr smd)
    (fp_text reference C3 (at 0 1.43 270) (layer B.SilkS)
      (effects (font (size 1 1) (thickness 0.15)) (justify mirror))
    )
    (fp_text value 10u (at 0 -1.43 270) (layer B.Fab)
      (effects (font (size 1 1) (thickness 0.15)) (justify mirror))
    )
    (fp_line (start 1.48 -0.73) (end -1.48 -0.73) (layer B.CrtYd) (width 0.05))
    (fp_line (start 1.48 0.73) (end 1.48 -0.73) (layer B.CrtYd) (width 0.05))
    (fp_line (start -1.48 0.73) (end 1.48 0.73) (layer B.CrtYd) (width 0.05))
    (fp_line (start -1.48 -0.73) (end -1.48 0.73) (layer B.CrtYd) (width 0.05))
    (fp_line (start -0.14058 -0.51) (end 0.14058 -0.51) (layer B.SilkS) (width 0.12))
    (fp_line (start -0.14058 0.51) (end 0.14058 0.51) (layer B.SilkS) (width 0.12))
    (fp_line (start 0.8 -0.4) (end -0.8 -0.4) (layer B.Fab) (width 0.1))
    (fp_line (start 0.8 0.4) (end 0.8 -0.4) (layer B.Fab) (width 0.1))
    (fp_line (start -0.8 0.4) (end 0.8 0.4) (layer B.Fab) (width 0.1))
    (fp_line (start -0.8 -0.4) (end -0.8 0.4) (layer B.Fab) (width 0.1))
    (fp_text user %R (at 0 0 270) (layer B.Fab)
      (effects (font (size 0.4 0.4) (thickness 0.06)) (justify mirror))
    )
    (pad 1 smd roundrect (at -0.775 0 270) (size 0.9 0.95) (layers B.Cu B.Paste B.Mask) (roundrect_rratio 0.25)
      (net 2 GND))
    (pad 2 smd roundrect (at 0.775 0 270) (size 0.9 0.95) (layers B.Cu B.Paste B.Mask) (roundrect_rratio 0.25)
      (net 3 +3V3))
    (model ${KISYS3DMOD}/Capacitor_SMD.3dshapes/C_0603_1608Metric.wrl
      (at (xyz 0 0 0))
      (scale (xyz 1 1 1))
      (rotate (xyz 0 0 0))
    )
  )

  (module Capacitor_SMD:C_0402_1005Metric (layer B.Cu) (tedit 5F68FEEE) (tstamp 608F552E)
    (at 209.98 105.5)
    (descr "Capacitor SMD 0402 (1005 Metric), square (rectangular) end terminal, IPC_7351 nominal, (Body size source: IPC-SM-782 page 76, https://www.pcb-3d.com/wordpress/wp-content/uploads/ipc-sm-782a_amendment_1_and_2.pdf), generated with kicad-footprint-generator")
    (tags capacitor)
    (path /60AB5470)
    (attr smd)
    (fp_text reference C4 (at 0 1.16) (layer B.SilkS)
      (effects (font (size 1 1) (thickness 0.15)) (justify mirror))
    )
    (fp_text value 22n (at 0 -1.16) (layer B.Fab)
      (effects (font (size 1 1) (thickness 0.15)) (justify mirror))
    )
    (fp_line (start 0.91 -0.46) (end -0.91 -0.46) (layer B.CrtYd) (width 0.05))
    (fp_line (start 0.91 0.46) (end 0.91 -0.46) (layer B.CrtYd) (width 0.05))
    (fp_line (start -0.91 0.46) (end 0.91 0.46) (layer B.CrtYd) (width 0.05))
    (fp_line (start -0.91 -0.46) (end -0.91 0.46) (layer B.CrtYd) (width 0.05))
    (fp_line (start -0.107836 -0.36) (end 0.107836 -0.36) (layer B.SilkS) (width 0.12))
    (fp_line (start -0.107836 0.36) (end 0.107836 0.36) (layer B.SilkS) (width 0.12))
    (fp_line (start 0.5 -0.25) (end -0.5 -0.25) (layer B.Fab) (width 0.1))
    (fp_line (start 0.5 0.25) (end 0.5 -0.25) (layer B.Fab) (width 0.1))
    (fp_line (start -0.5 0.25) (end 0.5 0.25) (layer B.Fab) (width 0.1))
    (fp_line (start -0.5 -0.25) (end -0.5 0.25) (layer B.Fab) (width 0.1))
    (fp_text user %R (at 0 0) (layer B.Fab)
      (effects (font (size 0.25 0.25) (thickness 0.04)) (justify mirror))
    )
    (pad 1 smd roundrect (at -0.48 0) (size 0.56 0.62) (layers B.Cu B.Paste B.Mask) (roundrect_rratio 0.25)
      (net 4 I2S_WCLK))
    (pad 2 smd roundrect (at 0.48 0) (size 0.56 0.62) (layers B.Cu B.Paste B.Mask) (roundrect_rratio 0.25)
      (net 2 GND))
    (model ${KISYS3DMOD}/Capacitor_SMD.3dshapes/C_0402_1005Metric.wrl
      (at (xyz 0 0 0))
      (scale (xyz 1 1 1))
      (rotate (xyz 0 0 0))
    )
  )

  (module Capacitor_SMD:C_0402_1005Metric (layer B.Cu) (tedit 5F68FEEE) (tstamp 608F553F)
    (at 209.98 107.75)
    (descr "Capacitor SMD 0402 (1005 Metric), square (rectangular) end terminal, IPC_7351 nominal, (Body size source: IPC-SM-782 page 76, https://www.pcb-3d.com/wordpress/wp-content/uploads/ipc-sm-782a_amendment_1_and_2.pdf), generated with kicad-footprint-generator")
    (tags capacitor)
    (path /60AC2DCE)
    (attr smd)
    (fp_text reference C5 (at 0 1.16) (layer B.SilkS)
      (effects (font (size 1 1) (thickness 0.15)) (justify mirror))
    )
    (fp_text value 22n (at 0 -1.16) (layer B.Fab)
      (effects (font (size 1 1) (thickness 0.15)) (justify mirror))
    )
    (fp_text user %R (at 0 0) (layer B.Fab)
      (effects (font (size 0.25 0.25) (thickness 0.04)) (justify mirror))
    )
    (fp_line (start -0.5 -0.25) (end -0.5 0.25) (layer B.Fab) (width 0.1))
    (fp_line (start -0.5 0.25) (end 0.5 0.25) (layer B.Fab) (width 0.1))
    (fp_line (start 0.5 0.25) (end 0.5 -0.25) (layer B.Fab) (width 0.1))
    (fp_line (start 0.5 -0.25) (end -0.5 -0.25) (layer B.Fab) (width 0.1))
    (fp_line (start -0.107836 0.36) (end 0.107836 0.36) (layer B.SilkS) (width 0.12))
    (fp_line (start -0.107836 -0.36) (end 0.107836 -0.36) (layer B.SilkS) (width 0.12))
    (fp_line (start -0.91 -0.46) (end -0.91 0.46) (layer B.CrtYd) (width 0.05))
    (fp_line (start -0.91 0.46) (end 0.91 0.46) (layer B.CrtYd) (width 0.05))
    (fp_line (start 0.91 0.46) (end 0.91 -0.46) (layer B.CrtYd) (width 0.05))
    (fp_line (start 0.91 -0.46) (end -0.91 -0.46) (layer B.CrtYd) (width 0.05))
    (pad 2 smd roundrect (at 0.48 0) (size 0.56 0.62) (layers B.Cu B.Paste B.Mask) (roundrect_rratio 0.25)
      (net 2 GND))
    (pad 1 smd roundrect (at -0.48 0) (size 0.56 0.62) (layers B.Cu B.Paste B.Mask) (roundrect_rratio 0.25)
      (net 5 I2S_DATA))
    (model ${KISYS3DMOD}/Capacitor_SMD.3dshapes/C_0402_1005Metric.wrl
      (at (xyz 0 0 0))
      (scale (xyz 1 1 1))
      (rotate (xyz 0 0 0))
    )
  )

  (module Capacitor_SMD:C_0402_1005Metric (layer B.Cu) (tedit 5F68FEEE) (tstamp 608F5550)
    (at 209.98 110.25)
    (descr "Capacitor SMD 0402 (1005 Metric), square (rectangular) end terminal, IPC_7351 nominal, (Body size source: IPC-SM-782 page 76, https://www.pcb-3d.com/wordpress/wp-content/uploads/ipc-sm-782a_amendment_1_and_2.pdf), generated with kicad-footprint-generator")
    (tags capacitor)
    (path /60AC8574)
    (attr smd)
    (fp_text reference C6 (at 0 1.16) (layer B.SilkS)
      (effects (font (size 1 1) (thickness 0.15)) (justify mirror))
    )
    (fp_text value 22n (at 0 -1.16) (layer B.Fab)
      (effects (font (size 1 1) (thickness 0.15)) (justify mirror))
    )
    (fp_line (start 0.91 -0.46) (end -0.91 -0.46) (layer B.CrtYd) (width 0.05))
    (fp_line (start 0.91 0.46) (end 0.91 -0.46) (layer B.CrtYd) (width 0.05))
    (fp_line (start -0.91 0.46) (end 0.91 0.46) (layer B.CrtYd) (width 0.05))
    (fp_line (start -0.91 -0.46) (end -0.91 0.46) (layer B.CrtYd) (width 0.05))
    (fp_line (start -0.107836 -0.36) (end 0.107836 -0.36) (layer B.SilkS) (width 0.12))
    (fp_line (start -0.107836 0.36) (end 0.107836 0.36) (layer B.SilkS) (width 0.12))
    (fp_line (start 0.5 -0.25) (end -0.5 -0.25) (layer B.Fab) (width 0.1))
    (fp_line (start 0.5 0.25) (end 0.5 -0.25) (layer B.Fab) (width 0.1))
    (fp_line (start -0.5 0.25) (end 0.5 0.25) (layer B.Fab) (width 0.1))
    (fp_line (start -0.5 -0.25) (end -0.5 0.25) (layer B.Fab) (width 0.1))
    (fp_text user %R (at 0 0) (layer B.Fab)
      (effects (font (size 0.25 0.25) (thickness 0.04)) (justify mirror))
    )
    (pad 1 smd roundrect (at -0.48 0) (size 0.56 0.62) (layers B.Cu B.Paste B.Mask) (roundrect_rratio 0.25)
      (net 6 I2S_DCLK))
    (pad 2 smd roundrect (at 0.48 0) (size 0.56 0.62) (layers B.Cu B.Paste B.Mask) (roundrect_rratio 0.25)
      (net 2 GND))
    (model ${KISYS3DMOD}/Capacitor_SMD.3dshapes/C_0402_1005Metric.wrl
      (at (xyz 0 0 0))
      (scale (xyz 1 1 1))
      (rotate (xyz 0 0 0))
    )
  )

  (module Capacitor_SMD:C_0402_1005Metric (layer B.Cu) (tedit 5F68FEEE) (tstamp 608F5572)
    (at 209.98 90)
    (descr "Capacitor SMD 0402 (1005 Metric), square (rectangular) end terminal, IPC_7351 nominal, (Body size source: IPC-SM-782 page 76, https://www.pcb-3d.com/wordpress/wp-content/uploads/ipc-sm-782a_amendment_1_and_2.pdf), generated with kicad-footprint-generator")
    (tags capacitor)
    (path /61123EAF)
    (attr smd)
    (fp_text reference C8 (at 0 1.16) (layer B.SilkS)
      (effects (font (size 1 1) (thickness 0.15)) (justify mirror))
    )
    (fp_text value 22n (at 0 -1.16) (layer B.Fab)
      (effects (font (size 1 1) (thickness 0.15)) (justify mirror))
    )
    (fp_text user %R (at 0 0) (layer B.Fab)
      (effects (font (size 0.25 0.25) (thickness 0.04)) (justify mirror))
    )
    (fp_line (start -0.5 -0.25) (end -0.5 0.25) (layer B.Fab) (width 0.1))
    (fp_line (start -0.5 0.25) (end 0.5 0.25) (layer B.Fab) (width 0.1))
    (fp_line (start 0.5 0.25) (end 0.5 -0.25) (layer B.Fab) (width 0.1))
    (fp_line (start 0.5 -0.25) (end -0.5 -0.25) (layer B.Fab) (width 0.1))
    (fp_line (start -0.107836 0.36) (end 0.107836 0.36) (layer B.SilkS) (width 0.12))
    (fp_line (start -0.107836 -0.36) (end 0.107836 -0.36) (layer B.SilkS) (width 0.12))
    (fp_line (start -0.91 -0.46) (end -0.91 0.46) (layer B.CrtYd) (width 0.05))
    (fp_line (start -0.91 0.46) (end 0.91 0.46) (layer B.CrtYd) (width 0.05))
    (fp_line (start 0.91 0.46) (end 0.91 -0.46) (layer B.CrtYd) (width 0.05))
    (fp_line (start 0.91 -0.46) (end -0.91 -0.46) (layer B.CrtYd) (width 0.05))
    (pad 2 smd roundrect (at 0.48 0) (size 0.56 0.62) (layers B.Cu B.Paste B.Mask) (roundrect_rratio 0.25)
      (net 2 GND))
    (pad 1 smd roundrect (at -0.48 0) (size 0.56 0.62) (layers B.Cu B.Paste B.Mask) (roundrect_rratio 0.25)
      (net 8 DAC_REFCLK))
    (model ${KISYS3DMOD}/Capacitor_SMD.3dshapes/C_0402_1005Metric.wrl
      (at (xyz 0 0 0))
      (scale (xyz 1 1 1))
      (rotate (xyz 0 0 0))
    )
  )

  (module Capacitor_SMD:C_0402_1005Metric (layer B.Cu) (tedit 5F68FEEE) (tstamp 608F5583)
    (at 209.98 84.75)
    (descr "Capacitor SMD 0402 (1005 Metric), square (rectangular) end terminal, IPC_7351 nominal, (Body size source: IPC-SM-782 page 76, https://www.pcb-3d.com/wordpress/wp-content/uploads/ipc-sm-782a_amendment_1_and_2.pdf), generated with kicad-footprint-generator")
    (tags capacitor)
    (path /611C411B)
    (attr smd)
    (fp_text reference C9 (at 0 1.16) (layer B.SilkS)
      (effects (font (size 1 1) (thickness 0.15)) (justify mirror))
    )
    (fp_text value 22n (at 0 -1.16) (layer B.Fab)
      (effects (font (size 1 1) (thickness 0.15)) (justify mirror))
    )
    (fp_text user %R (at 0 0) (layer B.Fab)
      (effects (font (size 0.25 0.25) (thickness 0.04)) (justify mirror))
    )
    (fp_line (start -0.5 -0.25) (end -0.5 0.25) (layer B.Fab) (width 0.1))
    (fp_line (start -0.5 0.25) (end 0.5 0.25) (layer B.Fab) (width 0.1))
    (fp_line (start 0.5 0.25) (end 0.5 -0.25) (layer B.Fab) (width 0.1))
    (fp_line (start 0.5 -0.25) (end -0.5 -0.25) (layer B.Fab) (width 0.1))
    (fp_line (start -0.107836 0.36) (end 0.107836 0.36) (layer B.SilkS) (width 0.12))
    (fp_line (start -0.107836 -0.36) (end 0.107836 -0.36) (layer B.SilkS) (width 0.12))
    (fp_line (start -0.91 -0.46) (end -0.91 0.46) (layer B.CrtYd) (width 0.05))
    (fp_line (start -0.91 0.46) (end 0.91 0.46) (layer B.CrtYd) (width 0.05))
    (fp_line (start 0.91 0.46) (end 0.91 -0.46) (layer B.CrtYd) (width 0.05))
    (fp_line (start 0.91 -0.46) (end -0.91 -0.46) (layer B.CrtYd) (width 0.05))
    (pad 2 smd roundrect (at 0.48 0) (size 0.56 0.62) (layers B.Cu B.Paste B.Mask) (roundrect_rratio 0.25)
      (net 2 GND))
    (pad 1 smd roundrect (at -0.48 0) (size 0.56 0.62) (layers B.Cu B.Paste B.Mask) (roundrect_rratio 0.25)
      (net 9 SPI_MOSI))
    (model ${KISYS3DMOD}/Capacitor_SMD.3dshapes/C_0402_1005Metric.wrl
      (at (xyz 0 0 0))
      (scale (xyz 1 1 1))
      (rotate (xyz 0 0 0))
    )
  )

  (module Capacitor_SMD:C_0402_1005Metric (layer B.Cu) (tedit 5F68FEEE) (tstamp 608F5594)
    (at 209.98 100)
    (descr "Capacitor SMD 0402 (1005 Metric), square (rectangular) end terminal, IPC_7351 nominal, (Body size source: IPC-SM-782 page 76, https://www.pcb-3d.com/wordpress/wp-content/uploads/ipc-sm-782a_amendment_1_and_2.pdf), generated with kicad-footprint-generator")
    (tags capacitor)
    (path /611E411E)
    (attr smd)
    (fp_text reference C10 (at 0 1.16) (layer B.SilkS)
      (effects (font (size 1 1) (thickness 0.15)) (justify mirror))
    )
    (fp_text value 22n (at 0 -1.16) (layer B.Fab)
      (effects (font (size 1 1) (thickness 0.15)) (justify mirror))
    )
    (fp_line (start 0.91 -0.46) (end -0.91 -0.46) (layer B.CrtYd) (width 0.05))
    (fp_line (start 0.91 0.46) (end 0.91 -0.46) (layer B.CrtYd) (width 0.05))
    (fp_line (start -0.91 0.46) (end 0.91 0.46) (layer B.CrtYd) (width 0.05))
    (fp_line (start -0.91 -0.46) (end -0.91 0.46) (layer B.CrtYd) (width 0.05))
    (fp_line (start -0.107836 -0.36) (end 0.107836 -0.36) (layer B.SilkS) (width 0.12))
    (fp_line (start -0.107836 0.36) (end 0.107836 0.36) (layer B.SilkS) (width 0.12))
    (fp_line (start 0.5 -0.25) (end -0.5 -0.25) (layer B.Fab) (width 0.1))
    (fp_line (start 0.5 0.25) (end 0.5 -0.25) (layer B.Fab) (width 0.1))
    (fp_line (start -0.5 0.25) (end 0.5 0.25) (layer B.Fab) (width 0.1))
    (fp_line (start -0.5 -0.25) (end -0.5 0.25) (layer B.Fab) (width 0.1))
    (fp_text user %R (at 0 0) (layer B.Fab)
      (effects (font (size 0.25 0.25) (thickness 0.04)) (justify mirror))
    )
    (pad 1 smd roundrect (at -0.48 0) (size 0.56 0.62) (layers B.Cu B.Paste B.Mask) (roundrect_rratio 0.25)
      (net 10 SPI_CLK))
    (pad 2 smd roundrect (at 0.48 0) (size 0.56 0.62) (layers B.Cu B.Paste B.Mask) (roundrect_rratio 0.25)
      (net 2 GND))
    (model ${KISYS3DMOD}/Capacitor_SMD.3dshapes/C_0402_1005Metric.wrl
      (at (xyz 0 0 0))
      (scale (xyz 1 1 1))
      (rotate (xyz 0 0 0))
    )
  )

  (module Capacitor_SMD:C_0402_1005Metric (layer B.Cu) (tedit 5F68FEEE) (tstamp 608F55A5)
    (at 209.98 102.5)
    (descr "Capacitor SMD 0402 (1005 Metric), square (rectangular) end terminal, IPC_7351 nominal, (Body size source: IPC-SM-782 page 76, https://www.pcb-3d.com/wordpress/wp-content/uploads/ipc-sm-782a_amendment_1_and_2.pdf), generated with kicad-footprint-generator")
    (tags capacitor)
    (path /611F3C49)
    (attr smd)
    (fp_text reference C11 (at 0 1.16) (layer B.SilkS)
      (effects (font (size 1 1) (thickness 0.15)) (justify mirror))
    )
    (fp_text value 22n (at 0 -1.16) (layer B.Fab)
      (effects (font (size 1 1) (thickness 0.15)) (justify mirror))
    )
    (fp_line (start 0.91 -0.46) (end -0.91 -0.46) (layer B.CrtYd) (width 0.05))
    (fp_line (start 0.91 0.46) (end 0.91 -0.46) (layer B.CrtYd) (width 0.05))
    (fp_line (start -0.91 0.46) (end 0.91 0.46) (layer B.CrtYd) (width 0.05))
    (fp_line (start -0.91 -0.46) (end -0.91 0.46) (layer B.CrtYd) (width 0.05))
    (fp_line (start -0.107836 -0.36) (end 0.107836 -0.36) (layer B.SilkS) (width 0.12))
    (fp_line (start -0.107836 0.36) (end 0.107836 0.36) (layer B.SilkS) (width 0.12))
    (fp_line (start 0.5 -0.25) (end -0.5 -0.25) (layer B.Fab) (width 0.1))
    (fp_line (start 0.5 0.25) (end 0.5 -0.25) (layer B.Fab) (width 0.1))
    (fp_line (start -0.5 0.25) (end 0.5 0.25) (layer B.Fab) (width 0.1))
    (fp_line (start -0.5 -0.25) (end -0.5 0.25) (layer B.Fab) (width 0.1))
    (fp_text user %R (at 0 0) (layer B.Fab)
      (effects (font (size 0.25 0.25) (thickness 0.04)) (justify mirror))
    )
    (pad 1 smd roundrect (at -0.48 0) (size 0.56 0.62) (layers B.Cu B.Paste B.Mask) (roundrect_rratio 0.25)
      (net 34 SPI_~CS~))
    (pad 2 smd roundrect (at 0.48 0) (size 0.56 0.62) (layers B.Cu B.Paste B.Mask) (roundrect_rratio 0.25)
      (net 2 GND))
    (model ${KISYS3DMOD}/Capacitor_SMD.3dshapes/C_0402_1005Metric.wrl
      (at (xyz 0 0 0))
      (scale (xyz 1 1 1))
      (rotate (xyz 0 0 0))
    )
  )

  (module Capacitor_SMD:C_0603_1608Metric (layer B.Cu) (tedit 5F68FEEE) (tstamp 608F9E4D)
    (at 190.75 95 180)
    (descr "Capacitor SMD 0603 (1608 Metric), square (rectangular) end terminal, IPC_7351 nominal, (Body size source: IPC-SM-782 page 76, https://www.pcb-3d.com/wordpress/wp-content/uploads/ipc-sm-782a_amendment_1_and_2.pdf), generated with kicad-footprint-generator")
    (tags capacitor)
    (path /60EB4CD6)
    (attr smd)
    (fp_text reference C12 (at 0 1.43) (layer B.SilkS)
      (effects (font (size 1 1) (thickness 0.15)) (justify mirror))
    )
    (fp_text value 10u (at 0 -1.43) (layer B.Fab)
      (effects (font (size 1 1) (thickness 0.15)) (justify mirror))
    )
    (fp_text user %R (at 0 0) (layer B.Fab)
      (effects (font (size 0.4 0.4) (thickness 0.06)) (justify mirror))
    )
    (fp_line (start -0.8 -0.4) (end -0.8 0.4) (layer B.Fab) (width 0.1))
    (fp_line (start -0.8 0.4) (end 0.8 0.4) (layer B.Fab) (width 0.1))
    (fp_line (start 0.8 0.4) (end 0.8 -0.4) (layer B.Fab) (width 0.1))
    (fp_line (start 0.8 -0.4) (end -0.8 -0.4) (layer B.Fab) (width 0.1))
    (fp_line (start -0.14058 0.51) (end 0.14058 0.51) (layer B.SilkS) (width 0.12))
    (fp_line (start -0.14058 -0.51) (end 0.14058 -0.51) (layer B.SilkS) (width 0.12))
    (fp_line (start -1.48 -0.73) (end -1.48 0.73) (layer B.CrtYd) (width 0.05))
    (fp_line (start -1.48 0.73) (end 1.48 0.73) (layer B.CrtYd) (width 0.05))
    (fp_line (start 1.48 0.73) (end 1.48 -0.73) (layer B.CrtYd) (width 0.05))
    (fp_line (start 1.48 -0.73) (end -1.48 -0.73) (layer B.CrtYd) (width 0.05))
    (pad 2 smd roundrect (at 0.775 0 180) (size 0.9 0.95) (layers B.Cu B.Paste B.Mask) (roundrect_rratio 0.25)
      (net 2 GND))
    (pad 1 smd roundrect (at -0.775 0 180) (size 0.9 0.95) (layers B.Cu B.Paste B.Mask) (roundrect_rratio 0.25)
      (net 11 "Net-(C12-Pad1)"))
    (model ${KISYS3DMOD}/Capacitor_SMD.3dshapes/C_0603_1608Metric.wrl
      (at (xyz 0 0 0))
      (scale (xyz 1 1 1))
      (rotate (xyz 0 0 0))
    )
  )

  (module Capacitor_SMD:C_0402_1005Metric (layer B.Cu) (tedit 5F68FEEE) (tstamp 608F9E1D)
    (at 191.25 93.75 180)
    (descr "Capacitor SMD 0402 (1005 Metric), square (rectangular) end terminal, IPC_7351 nominal, (Body size source: IPC-SM-782 page 76, https://www.pcb-3d.com/wordpress/wp-content/uploads/ipc-sm-782a_amendment_1_and_2.pdf), generated with kicad-footprint-generator")
    (tags capacitor)
    (path /6091F820)
    (attr smd)
    (fp_text reference C13 (at 0 1.16) (layer B.SilkS)
      (effects (font (size 1 1) (thickness 0.15)) (justify mirror))
    )
    (fp_text value 0.1u (at 0 -1.16) (layer B.Fab)
      (effects (font (size 1 1) (thickness 0.15)) (justify mirror))
    )
    (fp_line (start 0.91 -0.46) (end -0.91 -0.46) (layer B.CrtYd) (width 0.05))
    (fp_line (start 0.91 0.46) (end 0.91 -0.46) (layer B.CrtYd) (width 0.05))
    (fp_line (start -0.91 0.46) (end 0.91 0.46) (layer B.CrtYd) (width 0.05))
    (fp_line (start -0.91 -0.46) (end -0.91 0.46) (layer B.CrtYd) (width 0.05))
    (fp_line (start -0.107836 -0.36) (end 0.107836 -0.36) (layer B.SilkS) (width 0.12))
    (fp_line (start -0.107836 0.36) (end 0.107836 0.36) (layer B.SilkS) (width 0.12))
    (fp_line (start 0.5 -0.25) (end -0.5 -0.25) (layer B.Fab) (width 0.1))
    (fp_line (start 0.5 0.25) (end 0.5 -0.25) (layer B.Fab) (width 0.1))
    (fp_line (start -0.5 0.25) (end 0.5 0.25) (layer B.Fab) (width 0.1))
    (fp_line (start -0.5 -0.25) (end -0.5 0.25) (layer B.Fab) (width 0.1))
    (fp_text user %R (at 0 0) (layer B.Fab)
      (effects (font (size 0.25 0.25) (thickness 0.04)) (justify mirror))
    )
    (pad 1 smd roundrect (at -0.48 0 180) (size 0.56 0.62) (layers B.Cu B.Paste B.Mask) (roundrect_rratio 0.25)
      (net 11 "Net-(C12-Pad1)"))
    (pad 2 smd roundrect (at 0.48 0 180) (size 0.56 0.62) (layers B.Cu B.Paste B.Mask) (roundrect_rratio 0.25)
      (net 2 GND))
    (model ${KISYS3DMOD}/Capacitor_SMD.3dshapes/C_0402_1005Metric.wrl
      (at (xyz 0 0 0))
      (scale (xyz 1 1 1))
      (rotate (xyz 0 0 0))
    )
  )

  (module Capacitor_SMD:C_0603_1608Metric (layer B.Cu) (tedit 5F68FEEE) (tstamp 608F9DED)
    (at 190.75 91.5 180)
    (descr "Capacitor SMD 0603 (1608 Metric), square (rectangular) end terminal, IPC_7351 nominal, (Body size source: IPC-SM-782 page 76, https://www.pcb-3d.com/wordpress/wp-content/uploads/ipc-sm-782a_amendment_1_and_2.pdf), generated with kicad-footprint-generator")
    (tags capacitor)
    (path /60EA703A)
    (attr smd)
    (fp_text reference C14 (at 0 1.43) (layer B.SilkS)
      (effects (font (size 1 1) (thickness 0.15)) (justify mirror))
    )
    (fp_text value 10u (at 0 -1.43) (layer B.Fab)
      (effects (font (size 1 1) (thickness 0.15)) (justify mirror))
    )
    (fp_line (start 1.48 -0.73) (end -1.48 -0.73) (layer B.CrtYd) (width 0.05))
    (fp_line (start 1.48 0.73) (end 1.48 -0.73) (layer B.CrtYd) (width 0.05))
    (fp_line (start -1.48 0.73) (end 1.48 0.73) (layer B.CrtYd) (width 0.05))
    (fp_line (start -1.48 -0.73) (end -1.48 0.73) (layer B.CrtYd) (width 0.05))
    (fp_line (start -0.14058 -0.51) (end 0.14058 -0.51) (layer B.SilkS) (width 0.12))
    (fp_line (start -0.14058 0.51) (end 0.14058 0.51) (layer B.SilkS) (width 0.12))
    (fp_line (start 0.8 -0.4) (end -0.8 -0.4) (layer B.Fab) (width 0.1))
    (fp_line (start 0.8 0.4) (end 0.8 -0.4) (layer B.Fab) (width 0.1))
    (fp_line (start -0.8 0.4) (end 0.8 0.4) (layer B.Fab) (width 0.1))
    (fp_line (start -0.8 -0.4) (end -0.8 0.4) (layer B.Fab) (width 0.1))
    (fp_text user %R (at 0 0) (layer B.Fab)
      (effects (font (size 0.4 0.4) (thickness 0.06)) (justify mirror))
    )
    (pad 1 smd roundrect (at -0.775 0 180) (size 0.9 0.95) (layers B.Cu B.Paste B.Mask) (roundrect_rratio 0.25)
      (net 3 +3V3))
    (pad 2 smd roundrect (at 0.775 0 180) (size 0.9 0.95) (layers B.Cu B.Paste B.Mask) (roundrect_rratio 0.25)
      (net 2 GND))
    (model ${KISYS3DMOD}/Capacitor_SMD.3dshapes/C_0603_1608Metric.wrl
      (at (xyz 0 0 0))
      (scale (xyz 1 1 1))
      (rotate (xyz 0 0 0))
    )
  )

  (module Capacitor_SMD:C_0402_1005Metric (layer B.Cu) (tedit 5F68FEEE) (tstamp 608F9DBD)
    (at 191.25 92.75 180)
    (descr "Capacitor SMD 0402 (1005 Metric), square (rectangular) end terminal, IPC_7351 nominal, (Body size source: IPC-SM-782 page 76, https://www.pcb-3d.com/wordpress/wp-content/uploads/ipc-sm-782a_amendment_1_and_2.pdf), generated with kicad-footprint-generator")
    (tags capacitor)
    (path /6091F36C)
    (attr smd)
    (fp_text reference C15 (at 0 1.16) (layer B.SilkS)
      (effects (font (size 1 1) (thickness 0.15)) (justify mirror))
    )
    (fp_text value 0.1u (at 0 -1.16) (layer B.Fab)
      (effects (font (size 1 1) (thickness 0.15)) (justify mirror))
    )
    (fp_text user %R (at 0 0) (layer B.Fab)
      (effects (font (size 0.25 0.25) (thickness 0.04)) (justify mirror))
    )
    (fp_line (start -0.5 -0.25) (end -0.5 0.25) (layer B.Fab) (width 0.1))
    (fp_line (start -0.5 0.25) (end 0.5 0.25) (layer B.Fab) (width 0.1))
    (fp_line (start 0.5 0.25) (end 0.5 -0.25) (layer B.Fab) (width 0.1))
    (fp_line (start 0.5 -0.25) (end -0.5 -0.25) (layer B.Fab) (width 0.1))
    (fp_line (start -0.107836 0.36) (end 0.107836 0.36) (layer B.SilkS) (width 0.12))
    (fp_line (start -0.107836 -0.36) (end 0.107836 -0.36) (layer B.SilkS) (width 0.12))
    (fp_line (start -0.91 -0.46) (end -0.91 0.46) (layer B.CrtYd) (width 0.05))
    (fp_line (start -0.91 0.46) (end 0.91 0.46) (layer B.CrtYd) (width 0.05))
    (fp_line (start 0.91 0.46) (end 0.91 -0.46) (layer B.CrtYd) (width 0.05))
    (fp_line (start 0.91 -0.46) (end -0.91 -0.46) (layer B.CrtYd) (width 0.05))
    (pad 2 smd roundrect (at 0.48 0 180) (size 0.56 0.62) (layers B.Cu B.Paste B.Mask) (roundrect_rratio 0.25)
      (net 2 GND))
    (pad 1 smd roundrect (at -0.48 0 180) (size 0.56 0.62) (layers B.Cu B.Paste B.Mask) (roundrect_rratio 0.25)
      (net 3 +3V3))
    (model ${KISYS3DMOD}/Capacitor_SMD.3dshapes/C_0402_1005Metric.wrl
      (at (xyz 0 0 0))
      (scale (xyz 1 1 1))
      (rotate (xyz 0 0 0))
    )
  )

  (module Capacitor_SMD:C_0603_1608Metric (layer B.Cu) (tedit 5F68FEEE) (tstamp 608F9D8D)
    (at 204.25 94)
    (descr "Capacitor SMD 0603 (1608 Metric), square (rectangular) end terminal, IPC_7351 nominal, (Body size source: IPC-SM-782 page 76, https://www.pcb-3d.com/wordpress/wp-content/uploads/ipc-sm-782a_amendment_1_and_2.pdf), generated with kicad-footprint-generator")
    (tags capacitor)
    (path /60F8DD2E)
    (attr smd)
    (fp_text reference C16 (at 0 1.43) (layer B.SilkS)
      (effects (font (size 1 1) (thickness 0.15)) (justify mirror))
    )
    (fp_text value 10u (at 0 -1.43) (layer B.Fab)
      (effects (font (size 1 1) (thickness 0.15)) (justify mirror))
    )
    (fp_line (start 1.48 -0.73) (end -1.48 -0.73) (layer B.CrtYd) (width 0.05))
    (fp_line (start 1.48 0.73) (end 1.48 -0.73) (layer B.CrtYd) (width 0.05))
    (fp_line (start -1.48 0.73) (end 1.48 0.73) (layer B.CrtYd) (width 0.05))
    (fp_line (start -1.48 -0.73) (end -1.48 0.73) (layer B.CrtYd) (width 0.05))
    (fp_line (start -0.14058 -0.51) (end 0.14058 -0.51) (layer B.SilkS) (width 0.12))
    (fp_line (start -0.14058 0.51) (end 0.14058 0.51) (layer B.SilkS) (width 0.12))
    (fp_line (start 0.8 -0.4) (end -0.8 -0.4) (layer B.Fab) (width 0.1))
    (fp_line (start 0.8 0.4) (end 0.8 -0.4) (layer B.Fab) (width 0.1))
    (fp_line (start -0.8 0.4) (end 0.8 0.4) (layer B.Fab) (width 0.1))
    (fp_line (start -0.8 -0.4) (end -0.8 0.4) (layer B.Fab) (width 0.1))
    (fp_text user %R (at 0 0) (layer B.Fab)
      (effects (font (size 0.4 0.4) (thickness 0.06)) (justify mirror))
    )
