(kicad_pcb (version 20171130) (host pcbnew "(5.1.9-0-10_14)")

  (general
    (thickness 1.6)
    (drawings 4)
    (tracks 444)
    (zones 0)
    (modules 59)
    (nets 59)
  )

  (page A4)
  (layers
    (0 F.Cu signal)
    (31 B.Cu signal)
    (32 B.Adhes user)
    (33 F.Adhes user)
    (34 B.Paste user)
    (35 F.Paste user)
    (36 B.SilkS user hide)
    (37 F.SilkS user hide)
    (38 B.Mask user)
    (39 F.Mask user)
    (40 Dwgs.User user hide)
    (41 Cmts.User user)
    (42 Eco1.User user)
    (43 Eco2.User user)
    (44 Edge.Cuts user)
    (45 Margin user)
    (46 B.CrtYd user)
    (47 F.CrtYd user)
    (48 B.Fab user hide)
    (49 F.Fab user hide)
  )

  (setup
    (last_trace_width 0.254)
    (user_trace_width 0.254)
    (user_trace_width 0.508)
    (trace_clearance 0.2)
    (zone_clearance 0.508)
    (zone_45_only no)
    (trace_min 0.2)
    (via_size 0.8)
    (via_drill 0.4)
    (via_min_size 0.4)
    (via_min_drill 0.3)
    (user_via 0.6096 0.3048)
    (uvia_size 0.3)
    (uvia_drill 0.1)
    (uvias_allowed no)
    (uvia_min_size 0.2)
    (uvia_min_drill 0.1)
    (edge_width 0.05)
    (segment_width 0.2)
    (pcb_text_width 0.3)
    (pcb_text_size 1.5 1.5)
    (mod_edge_width 0.12)
    (mod_text_size 1 1)
    (mod_text_width 0.15)
    (pad_size 1.524 1.524)
    (pad_drill 0.762)
    (pad_to_mask_clearance 0)
    (aux_axis_origin 0 0)
    (visible_elements FFFFFF7F)
    (pcbplotparams
      (layerselection 0x010fc_ffffffff)
      (usegerberextensions false)
      (usegerberattributes true)
      (usegerberadvancedattributes true)
      (creategerberjobfile true)
      (excludeedgelayer true)
      (linewidth 0.100000)
      (plotframeref false)
      (viasonmask false)
      (mode 1)
      (useauxorigin false)
      (hpglpennumber 1)
      (hpglpenspeed 20)
      (hpglpendiameter 15.000000)
      (psnegative false)
      (psa4output false)
      (plotreference true)
      (plotvalue true)
      (plotinvisibletext false)
      (padsonsilk false)
      (subtractmaskfromsilk false)
      (outputformat 1)
      (mirror false)
      (drillshape 1)
      (scaleselection 1)
      (outputdirectory ""))
  )

  (net 0 "")
  (net 1 +5V)
  (net 2 GND)
  (net 3 +3V3)
  (net 4 I2S_WCLK)
  (net 5 I2S_DATA)
  (net 6 I2S_DCLK)
  (net 7 RADIO_REFCLK)
  (net 8 DAC_REFCLK)
  (net 9 SPI_MOSI)
  (net 10 SPI_CLK)
  (net 11 "Net-(C12-Pad1)")
  (net 12 "Net-(C16-Pad1)")
  (net 13 "Net-(C19-Pad1)")
  (net 14 "Net-(C19-Pad2)")
  (net 15 "Net-(C20-Pad2)")
  (net 16 "Net-(C20-Pad1)")
  (net 17 AUDIO_R)
  (net 18 AUDIO_L)
  (net 19 "Net-(J1-Pad2)")
  (net 20 "Net-(J1-Pad3)")
  (net 21 "Net-(L1-Pad1)")
  (net 22 I2C_SDA)
  (net 23 /I2S_WCLK_R)
  (net 24 /I2S_DATA_R)
  (net 25 /I2S_DCLK_R)
  (net 26 /RAD_CLK_R)
  (net 27 /DAC_CLK_R)
  (net 28 /SPI_MOSI_R)
  (net 29 /SPI_CLK_R)
  (net 30 /SPI_CS_R)
  (net 31 /ANTENNA)
  (net 32 DAC_~RST~)
  (net 33 SPI_~CS~)
  (net 34 "Net-(R17-Pad1)")
  (net 35 RADIO_~RST~)
  (net 36 "Net-(R19-Pad1)")
  (net 37 "Net-(R20-Pad1)")
  (net 38 "Net-(R21-Pad1)")
  (net 39 "Net-(R22-Pad2)")
  (net 40 "Net-(R23-Pad2)")
  (net 41 "Net-(U1-Pad1)")
  (net 42 "Net-(U1-Pad2)")
  (net 43 "Net-(U1-Pad3)")
  (net 44 "Net-(U1-Pad11)")
  (net 45 "Net-(U1-Pad12)")
  (net 46 "Net-(U1-Pad18)")
  (net 47 "Net-(U1-Pad19)")
  (net 48 "Net-(U1-Pad25)")
  (net 49 "Net-(U1-Pad27)")
  (net 50 "Net-(U1-Pad29)")
  (net 51 I2C_SCL)
  (net 52 "Net-(U1-Pad28)")
  (net 53 "Net-(U1-Pad23)")
  (net 54 "Net-(U1-Pad20)")
  (net 55 "Net-(R28-Pad1)")
  (net 56 "Net-(R29-Pad1)")
  (net 57 "Net-(R30-Pad1)")
  (net 58 "Net-(U1-Pad30)")

  (net_class Default "This is the default net class."
    (clearance 0.2)
    (trace_width 0.25)
    (via_dia 0.8)
    (via_drill 0.4)
    (uvia_dia 0.3)
    (uvia_drill 0.1)
    (add_net +3V3)
    (add_net +5V)
    (add_net /ANTENNA)
    (add_net /DAC_CLK_R)
    (add_net /I2S_DATA_R)
    (add_net /I2S_DCLK_R)
    (add_net /I2S_WCLK_R)
    (add_net /RAD_CLK_R)
    (add_net /SPI_CLK_R)
    (add_net /SPI_CS_R)
    (add_net /SPI_MOSI_R)
    (add_net AUDIO_L)
    (add_net AUDIO_R)
    (add_net DAC_REFCLK)
    (add_net DAC_~RST~)
    (add_net GND)
    (add_net I2C_SCL)
    (add_net I2C_SDA)
    (add_net I2S_DATA)
    (add_net I2S_DCLK)
    (add_net I2S_WCLK)
    (add_net "Net-(C12-Pad1)")
    (add_net "Net-(C16-Pad1)")
    (add_net "Net-(C19-Pad1)")
    (add_net "Net-(C19-Pad2)")
    (add_net "Net-(C20-Pad1)")
    (add_net "Net-(C20-Pad2)")
    (add_net "Net-(J1-Pad2)")
    (add_net "Net-(J1-Pad3)")
    (add_net "Net-(L1-Pad1)")
    (add_net "Net-(R17-Pad1)")
    (add_net "Net-(R19-Pad1)")
    (add_net "Net-(R20-Pad1)")
    (add_net "Net-(R21-Pad1)")
    (add_net "Net-(R22-Pad2)")
    (add_net "Net-(R23-Pad2)")
    (add_net "Net-(R28-Pad1)")
    (add_net "Net-(R29-Pad1)")
    (add_net "Net-(R30-Pad1)")
    (add_net "Net-(U1-Pad1)")
    (add_net "Net-(U1-Pad11)")
    (add_net "Net-(U1-Pad12)")
    (add_net "Net-(U1-Pad18)")
    (add_net "Net-(U1-Pad19)")
    (add_net "Net-(U1-Pad2)")
    (add_net "Net-(U1-Pad20)")
    (add_net "Net-(U1-Pad23)")
    (add_net "Net-(U1-Pad25)")
    (add_net "Net-(U1-Pad27)")
    (add_net "Net-(U1-Pad28)")
    (add_net "Net-(U1-Pad29)")
    (add_net "Net-(U1-Pad3)")
    (add_net "Net-(U1-Pad30)")
    (add_net RADIO_REFCLK)
    (add_net RADIO_~RST~)
    (add_net SPI_CLK)
    (add_net SPI_MOSI)
    (add_net SPI_~CS~)
  )

  (module esp32_devkit_v1_doit:esp32_devkit_v1_doit locked (layer F.Cu) (tedit 5F4BBE44) (tstamp 6092556F)
    (at 199.8 84.1)
    (descr "ESPWROOM32, ESP32, 30 GPIOs version")
    (path /60B602AD)
    (fp_text reference U1 (at 0 10.47) (layer F.SilkS) hide
      (effects (font (size 1 1) (thickness 0.15)))
    )
    (fp_text value ESP32_DevKit_V1_DOIT (at 0 8.7) (layer F.Fab) hide
      (effects (font (size 1 1) (thickness 0.15)))
    )
    (fp_arc (start 12 43.46) (end 12 45.46) (angle -90) (layer F.SilkS) (width 0.12))
    (fp_arc (start -12 43.46) (end -14 43.46) (angle -90) (layer F.SilkS) (width 0.12))
    (fp_arc (start -12 -4.04) (end -12 -6.04) (angle -90) (layer F.SilkS) (width 0.12))
    (fp_arc (start 12 -4.04) (end 14 -4.04) (angle -90) (layer F.SilkS) (width 0.12))
    (fp_text user Enable (at -7.62 39.68) (layer F.SilkS) hide
      (effects (font (size 1 1) (thickness 0.15)))
    )
    (fp_text user Boot (at 7.62 39.68) (layer F.SilkS) hide
      (effects (font (size 1 1) (thickness 0.15)))
    )
    (fp_text user USB (at 0 43.49) (layer F.SilkS) hide
      (effects (font (size 1 1) (thickness 0.15)))
    )
    (fp_circle (center -11.7 -4.04) (end -10.2 -4.04) (layer F.SilkS) (width 0.12))
    (fp_circle (center 11.7 -4.04) (end 13.2 -4.04) (layer F.SilkS) (width 0.12))
    (fp_line (start 14 43.46) (end 14 -4.04) (layer F.SilkS) (width 0.12))
    (fp_line (start -14 -4.04) (end -14 43.46) (layer F.SilkS) (width 0.12))
    (fp_line (start -12 45.46) (end 12 45.46) (layer F.SilkS) (width 0.12))
    (fp_line (start -12 -6.04) (end 12 -6.04) (layer F.SilkS) (width 0.12))
    (fp_circle (center -11.7 43.46) (end -10.2 43.46) (layer F.SilkS) (width 0.12))
    (fp_circle (center 11.7 43.46) (end 13.2 43.46) (layer F.SilkS) (width 0.12))
    (fp_line (start -4 39.46) (end -4 45.46) (layer F.SilkS) (width 0.12))
    (fp_line (start 4 39.46) (end 4 45.46) (layer F.SilkS) (width 0.12))
    (fp_line (start -4 39.46) (end 4 39.46) (layer F.SilkS) (width 0.12))
    (fp_line (start -8.89 -4.77) (end 8.89 -4.77) (layer F.SilkS) (width 0.12))
    (fp_line (start 8.89 -4.77) (end 8.89 0.31) (layer F.SilkS) (width 0.12))
    (fp_line (start 8.89 0.31) (end -8.89 0.31) (layer F.SilkS) (width 0.12))
    (fp_line (start -8.89 0.31) (end -8.89 -4.77) (layer F.SilkS) (width 0.12))
    (fp_line (start -7.62 -0.452) (end -7.62 -4.008) (layer F.SilkS) (width 0.12))
    (fp_line (start -7.62 -4.008) (end -5.08 -4.008) (layer F.SilkS) (width 0.12))
    (fp_line (start -5.08 -4.008) (end -5.08 -1.976) (layer F.SilkS) (width 0.12))
    (fp_line (start -5.08 -1.976) (end -2.54 -1.976) (layer F.SilkS) (width 0.12))
    (fp_line (start -2.54 -1.976) (end -2.54 -4.008) (layer F.SilkS) (width 0.12))
    (fp_line (start -2.54 -4.008) (end 0 -4.008) (layer F.SilkS) (width 0.12))
    (fp_line (start 0 -4.008) (end 0 -1.976) (layer F.SilkS) (width 0.12))
    (fp_line (start 0 -1.976) (end 2.54 -1.976) (layer F.SilkS) (width 0.12))
    (fp_line (start 2.54 -1.976) (end 2.54 -4.008) (layer F.SilkS) (width 0.12))
    (fp_line (start 2.54 -4.008) (end 7.62 -4.008) (layer F.SilkS) (width 0.12))
    (fp_line (start 7.62 -4.008) (end 7.62 -0.452) (layer F.SilkS) (width 0.12))
    (fp_line (start 5.08 -4.008) (end 5.08 -0.452) (layer F.SilkS) (width 0.12))
    (fp_line (start -7.5 0.96) (end 7.5 0.96) (layer F.SilkS) (width 0.12))
    (fp_line (start 7.5 0.96) (end 7.5 18.96) (layer F.SilkS) (width 0.12))
    (fp_line (start 7.5 18.96) (end -7.5 18.96) (layer F.SilkS) (width 0.12))
    (fp_line (start -7.5 18.96) (end -7.5 0.96) (layer F.SilkS) (width 0.12))
    (fp_circle (center -5.08 16.82) (end -4.68 16.82) (layer F.SilkS) (width 0.8))
    (fp_line (start 6.35 40.95) (end 8.89 40.95) (layer F.SilkS) (width 0.12))
    (fp_line (start 8.89 40.95) (end 8.89 44.76) (layer F.SilkS) (width 0.12))
    (fp_line (start 8.89 44.76) (end 6.35 44.76) (layer F.SilkS) (width 0.12))
    (fp_line (start 6.35 44.76) (end 6.35 40.95) (layer F.SilkS) (width 0.12))
    (fp_line (start -6.35 44.76) (end -8.89 44.76) (layer F.SilkS) (width 0.12))
    (fp_line (start -8.89 44.76) (end -8.89 40.95) (layer F.SilkS) (width 0.12))
    (fp_line (start -8.89 40.95) (end -6.35 40.95) (layer F.SilkS) (width 0.12))
    (fp_line (start -6.35 40.95) (end -6.35 44.76) (layer F.SilkS) (width 0.12))
    (fp_circle (center -7.62 42.855) (end -7.32 42.855) (layer F.SilkS) (width 1))
    (fp_circle (center 7.62 42.855) (end 7.92 42.855) (layer F.SilkS) (width 1))
    (pad 30 thru_hole circle (at 12.7 0) (size 1.524 1.524) (drill 0.762) (layers *.Cu *.Mask)
      (net 58 "Net-(U1-Pad30)"))
    (pad 29 thru_hole circle (at 12.7 2.54) (size 1.524 1.524) (drill 0.762) (layers *.Cu *.Mask)
      (net 50 "Net-(U1-Pad29)"))
    (pad 28 thru_hole circle (at 12.7 5.08) (size 1.524 1.524) (drill 0.762) (layers *.Cu *.Mask)
      (net 52 "Net-(U1-Pad28)"))
    (pad 27 thru_hole circle (at 12.7 7.62) (size 1.524 1.524) (drill 0.762) (layers *.Cu *.Mask)
      (net 49 "Net-(U1-Pad27)"))
    (pad 26 thru_hole circle (at 12.7 10.16) (size 1.524 1.524) (drill 0.762) (layers *.Cu *.Mask)
      (net 32 DAC_~RST~))
    (pad 25 thru_hole circle (at 12.7 12.7) (size 1.524 1.524) (drill 0.762) (layers *.Cu *.Mask)
      (net 48 "Net-(U1-Pad25)"))
    (pad 24 thru_hole circle (at 12.7 15.24) (size 1.524 1.524) (drill 0.762) (layers *.Cu *.Mask)
      (net 24 /I2S_DATA_R))
    (pad 23 thru_hole circle (at 12.7 17.78) (size 1.524 1.524) (drill 0.762) (layers *.Cu *.Mask)
      (net 53 "Net-(U1-Pad23)"))
    (pad 22 thru_hole circle (at 12.7 20.32) (size 1.524 1.524) (drill 0.762) (layers *.Cu *.Mask)
      (net 23 /I2S_WCLK_R))
    (pad 21 thru_hole circle (at 12.7 22.86) (size 1.524 1.524) (drill 0.762) (layers *.Cu *.Mask)
      (net 25 /I2S_DCLK_R))
    (pad 20 thru_hole circle (at 12.7 25.4) (size 1.524 1.524) (drill 0.762) (layers *.Cu *.Mask)
      (net 54 "Net-(U1-Pad20)"))
    (pad 19 thru_hole circle (at 12.7 27.94) (size 1.524 1.524) (drill 0.762) (layers *.Cu *.Mask)
      (net 47 "Net-(U1-Pad19)"))
    (pad 18 thru_hole circle (at 12.7 30.48) (size 1.524 1.524) (drill 0.762) (layers *.Cu *.Mask)
      (net 46 "Net-(U1-Pad18)"))
    (pad 17 thru_hole circle (at 12.7 33.02) (size 1.524 1.524) (drill 0.762) (layers *.Cu *.Mask)
      (net 2 GND))
    (pad 16 thru_hole circle (at 12.7 35.56) (size 1.524 1.524) (drill 0.762) (layers *.Cu *.Mask)
      (net 3 +3V3))
    (pad 15 thru_hole circle (at -12.7 35.56) (size 1.524 1.524) (drill 0.762) (layers *.Cu *.Mask)
      (net 1 +5V))
    (pad 14 thru_hole circle (at -12.7 33.02) (size 1.524 1.524) (drill 0.762) (layers *.Cu *.Mask)
      (net 2 GND))
    (pad 13 thru_hole circle (at -12.7 30.48) (size 1.524 1.524) (drill 0.762) (layers *.Cu *.Mask)
      (net 35 RADIO_~RST~))
    (pad 12 thru_hole circle (at -12.7 27.94) (size 1.524 1.524) (drill 0.762) (layers *.Cu *.Mask)
      (net 45 "Net-(U1-Pad12)"))
    (pad 11 thru_hole circle (at -12.7 25.4) (size 1.524 1.524) (drill 0.762) (layers *.Cu *.Mask)
      (net 44 "Net-(U1-Pad11)"))
    (pad 10 thru_hole circle (at -12.7 22.86) (size 1.524 1.524) (drill 0.762) (layers *.Cu *.Mask)
      (net 51 I2C_SCL))
    (pad 9 thru_hole circle (at -12.7 20.32) (size 1.524 1.524) (drill 0.762) (layers *.Cu *.Mask)
      (net 22 I2C_SDA))
    (pad 8 thru_hole circle (at -12.7 17.78) (size 1.524 1.524) (drill 0.762) (layers *.Cu *.Mask)
      (net 26 /RAD_CLK_R))
    (pad 7 thru_hole circle (at -12.7 15.24) (size 1.524 1.524) (drill 0.762) (layers *.Cu *.Mask)
      (net 28 /SPI_MOSI_R))
    (pad 6 thru_hole circle (at -12.7 12.7) (size 1.524 1.524) (drill 0.762) (layers *.Cu *.Mask)
      (net 29 /SPI_CLK_R))
    (pad 5 thru_hole circle (at -12.7 10.16) (size 1.524 1.524) (drill 0.762) (layers *.Cu *.Mask)
      (net 30 /SPI_CS_R))
    (pad 4 thru_hole circle (at -12.7 7.62) (size 1.524 1.524) (drill 0.762) (layers *.Cu *.Mask)
      (net 27 /DAC_CLK_R))
    (pad 3 thru_hole circle (at -12.7 5.08) (size 1.524 1.524) (drill 0.762) (layers *.Cu *.Mask)
      (net 43 "Net-(U1-Pad3)"))
    (pad 2 thru_hole circle (at -12.7 2.54) (size 1.524 1.524) (drill 0.762) (layers *.Cu *.Mask)
      (net 42 "Net-(U1-Pad2)"))
    (pad 1 thru_hole rect (at -12.7 0) (size 1.524 1.524) (drill 0.762) (layers *.Cu *.Mask)
      (net 41 "Net-(U1-Pad1)"))
    (model ${KISYS3DMOD}/Button_Switch_SMD.3dshapes/SW_SPST_B3U-1000P-B.wrl
      (offset (xyz 7.5 -43 4))
      (scale (xyz 1 1 1))
      (rotate (xyz 0 0 90))
    )
    (model ${KISYS3DMOD}/Button_Switch_SMD.3dshapes/SW_SPST_B3U-1000P-B.wrl
      (offset (xyz -7.5 -43 4))
      (scale (xyz 1 1 1))
      (rotate (xyz 0 0 90))
    )
    (model ${KISYS3DMOD}/Connector_PinHeader_2.54mm.3dshapes/PinHeader_1x15_P2.54mm_Vertical.wrl
      (offset (xyz -12.7 0 2.5))
      (scale (xyz 1 1 1))
      (rotate (xyz 0 180 0))
    )
    (model ${KISYS3DMOD}/Connector_PinHeader_2.54mm.3dshapes/PinHeader_1x15_P2.54mm_Vertical.wrl
      (offset (xyz 12.7 0 2.5))
      (scale (xyz 1 1 1))
      (rotate (xyz 0 180 0))
    )
    (model ${VL_PACKAGES3D}/esp32_devkit_v1_doit.3dshapes/esp32_devkit_v1_doit.step
      (offset (xyz -12.7 0 2.5))
      (scale (xyz 1 1 1))
      (rotate (xyz 0 0 0))
    )
    (model ${KISYS3DMOD}/Connector_USB.3dshapes/USB_Micro-B_Molex_47346-0001.wrl
      (offset (xyz 0 -42 4))
      (scale (xyz 1 1 1))
      (rotate (xyz 0 0 0))
    )
    (model ${KISYS3DMOD}/LED_SMD.3dshapes/LED_1206_3216Metric.wrl
      (offset (xyz -6 -23 4))
      (scale (xyz 1 1 1))
      (rotate (xyz 0 0 -90))
    )
    (model ${KISYS3DMOD}/LED_SMD.3dshapes/LED_1206_3216Metric.wrl
      (offset (xyz 6 -23 4))
      (scale (xyz 1 1 1))
      (rotate (xyz 0 0 -90))
    )
    (model ${KISYS3DMOD}/Capacitor_Tantalum_SMD.3dshapes/CP_EIA-2012-15_AVX-P.wrl
      (offset (xyz -6.5 -27.5 4))
      (scale (xyz 1 1 1))
      (rotate (xyz 0 0 0))
    )
    (model ${KISYS3DMOD}/Package_TO_SOT_SMD.3dshapes/SOT-223.wrl
      (offset (xyz -6 -33 4))
      (scale (xyz 1 1 1))
      (rotate (xyz 0 0 -180))
    )
    (model ${KISYS3DMOD}/Resistor_SMD.3dshapes/R_0603_1608Metric.wrl
      (offset (xyz -7 -38.5 4))
      (scale (xyz 1 1 1))
      (rotate (xyz 0 0 0))
    )
    (model ${KISYS3DMOD}/Resistor_SMD.3dshapes/R_0603_1608Metric.wrl
      (offset (xyz 8.5 -38.5 4))
      (scale (xyz 1 1 1))
      (rotate (xyz 0 0 0))
    )
    (model ${KISYS3DMOD}/Resistor_SMD.3dshapes/R_0603_1608Metric.wrl
      (offset (xyz 5.5 -38.5 4))
      (scale (xyz 1 1 1))
      (rotate (xyz 0 0 0))
    )
    (model ${KISYS3DMOD}/Package_TO_SOT_SMD.3dshapes/SOT-23.wrl
      (offset (xyz -0.5 -27.5 4))
      (scale (xyz 1 1 1))
      (rotate (xyz 0 0 0))
    )
    (model ${KISYS3DMOD}/Package_TO_SOT_SMD.3dshapes/SOT-23.wrl
      (offset (xyz 6 -27.5 4))
      (scale (xyz 1 1 1))
      (rotate (xyz 0 0 -180))
    )
    (model ${KISYS3DMOD}/Resistor_SMD.3dshapes/R_0603_1608Metric.wrl
      (offset (xyz 9 -27.5 4))
      (scale (xyz 1 1 1))
      (rotate (xyz 0 0 90))
    )
    (model ${KISYS3DMOD}/Resistor_SMD.3dshapes/R_0603_1608Metric.wrl
      (offset (xyz -3.5 -27.5 4))
      (scale (xyz 1 1 1))
      (rotate (xyz 0 0 90))
    )
    (model ${KISYS3DMOD}/Capacitor_SMD.3dshapes/C_0603_1608Metric.wrl
      (offset (xyz -0.5 -38.5 4))
      (scale (xyz 1 1 1))
      (rotate (xyz 0 0 0))
    )
    (model ${KISYS3DMOD}/Diode_SMD.3dshapes/D_0603_1608Metric.wrl
      (offset (xyz -3 -38.5 4))
      (scale (xyz 1 1 1))
      (rotate (xyz 0 0 0))
    )
    (model ${KISYS3DMOD}/Resistor_SMD.3dshapes/R_0603_1608Metric.wrl
      (offset (xyz -3 -23 4))
      (scale (xyz 1 1 1))
      (rotate (xyz 0 0 90))
    )
    (model ${KISYS3DMOD}/Resistor_SMD.3dshapes/R_0603_1608Metric.wrl
      (offset (xyz -1.5 -23 4))
      (scale (xyz 1 1 1))
      (rotate (xyz 0 0 90))
    )
    (model ${KISYS3DMOD}/Resistor_SMD.3dshapes/R_0603_1608Metric.wrl
      (offset (xyz 0 -23 4))
      (scale (xyz 1 1 1))
      (rotate (xyz 0 0 90))
    )
    (model ${KISYS3DMOD}/Resistor_SMD.3dshapes/R_0603_1608Metric.wrl
      (offset (xyz 1.5 -23 4))
      (scale (xyz 1 1 1))
      (rotate (xyz 0 0 90))
    )
    (model ${KISYS3DMOD}/Resistor_SMD.3dshapes/R_0603_1608Metric.wrl
      (offset (xyz 3 -23 4))
      (scale (xyz 1 1 1))
      (rotate (xyz 0 0 90))
    )
    (model ${KISYS3DMOD}/Package_DFN_QFN.3dshapes/QFN-28-1EP_5x5mm_P0.5mm_EP3.35x3.35mm.wrl
      (offset (xyz 7 -33.5 4))
      (scale (xyz 1 1 1))
      (rotate (xyz 0 0 0))
    )
    (model ${KISYS3DMOD}/Resistor_SMD.3dshapes/R_0603_1608Metric.wrl
      (offset (xyz 8.5 -22 4))
      (scale (xyz 1 1 1))
      (rotate (xyz 0 0 0))
    )
    (model ${KISYS3DMOD}/Resistor_SMD.3dshapes/R_0603_1608Metric.wrl
      (offset (xyz 8.5 -24 4))
      (scale (xyz 1 1 1))
      (rotate (xyz 0 0 0))
    )
    (model ${KISYS3DMOD}/Capacitor_SMD.3dshapes/C_0603_1608Metric.wrl
      (offset (xyz -8.5 -22 4))
      (scale (xyz 1 1 1))
      (rotate (xyz 0 0 0))
    )
    (model ${KISYS3DMOD}/Capacitor_SMD.3dshapes/C_0603_1608Metric.wrl
      (offset (xyz -8.5 -24 4))
      (scale (xyz 1 1 1))
      (rotate (xyz 0 0 0))
    )
    (model ${KISYS3DMOD}/RF_Module.3dshapes/ESP32-WROOM-32.wrl
      (offset (xyz 0 -10 4))
      (scale (xyz 1 1 1))
      (rotate (xyz 0 0 0))
    )
  )

  (module Resistor_SMD:R_0402_1005Metric (layer B.Cu) (tedit 5F68FEEE) (tstamp 608F9C3D)
    (at 189.5 92.5 180)
    (descr "Resistor SMD 0402 (1005 Metric), square (rectangular) end terminal, IPC_7351 nominal, (Body size source: IPC-SM-782 page 72, https://www.pcb-3d.com/wordpress/wp-content/uploads/ipc-sm-782a_amendment_1_and_2.pdf), generated with kicad-footprint-generator")
    (tags resistor)
    (path /610DF17E)
    (attr smd)
    (fp_text reference R16 (at 0 1.17 180) (layer B.SilkS)
      (effects (font (size 1 1) (thickness 0.15)) (justify mirror))
    )
    (fp_text value 10k (at 0 -1.17 180) (layer B.Fab)
      (effects (font (size 1 1) (thickness 0.15)) (justify mirror))
    )
    (fp_text user %R (at 0 0 180) (layer B.Fab)
      (effects (font (size 0.26 0.26) (thickness 0.04)) (justify mirror))
    )
    (fp_line (start -0.525 -0.27) (end -0.525 0.27) (layer B.Fab) (width 0.1))
    (fp_line (start -0.525 0.27) (end 0.525 0.27) (layer B.Fab) (width 0.1))
    (fp_line (start 0.525 0.27) (end 0.525 -0.27) (layer B.Fab) (width 0.1))
    (fp_line (start 0.525 -0.27) (end -0.525 -0.27) (layer B.Fab) (width 0.1))
    (fp_line (start -0.153641 0.38) (end 0.153641 0.38) (layer B.SilkS) (width 0.12))
    (fp_line (start -0.153641 -0.38) (end 0.153641 -0.38) (layer B.SilkS) (width 0.12))
    (fp_line (start -0.93 -0.47) (end -0.93 0.47) (layer B.CrtYd) (width 0.05))
    (fp_line (start -0.93 0.47) (end 0.93 0.47) (layer B.CrtYd) (width 0.05))
    (fp_line (start 0.93 0.47) (end 0.93 -0.47) (layer B.CrtYd) (width 0.05))
    (fp_line (start 0.93 -0.47) (end -0.93 -0.47) (layer B.CrtYd) (width 0.05))
    (pad 2 smd roundrect (at 0.51 0 180) (size 0.54 0.64) (layers B.Cu B.Paste B.Mask) (roundrect_rratio 0.25)
      (net 2 GND))
    (pad 1 smd roundrect (at -0.51 0 180) (size 0.54 0.64) (layers B.Cu B.Paste B.Mask) (roundrect_rratio 0.25)
      (net 33 SPI_~CS~))
    (model ${KISYS3DMOD}/Resistor_SMD.3dshapes/R_0402_1005Metric.wrl
      (at (xyz 0 0 0))
      (scale (xyz 1 1 1))
      (rotate (xyz 0 0 0))
    )
  )

  (module Capacitor_SMD:C_0402_1005Metric (layer B.Cu) (tedit 5F68FEEE) (tstamp 608F5572)
    (at 189.52 90.25 180)
    (descr "Capacitor SMD 0402 (1005 Metric), square (rectangular) end terminal, IPC_7351 nominal, (Body size source: IPC-SM-782 page 76, https://www.pcb-3d.com/wordpress/wp-content/uploads/ipc-sm-782a_amendment_1_and_2.pdf), generated with kicad-footprint-generator")
    (tags capacitor)
    (path /61123EAF)
    (attr smd)
    (fp_text reference C8 (at 0 1.16) (layer B.SilkS)
      (effects (font (size 1 1) (thickness 0.15)) (justify mirror))
    )
    (fp_text value 22n (at 0 -1.16) (layer B.Fab)
      (effects (font (size 1 1) (thickness 0.15)) (justify mirror))
    )
    (fp_text user %R (at 0 0) (layer B.Fab)
      (effects (font (size 0.25 0.25) (thickness 0.04)) (justify mirror))
    )
    (fp_line (start -0.5 -0.25) (end -0.5 0.25) (layer B.Fab) (width 0.1))
    (fp_line (start -0.5 0.25) (end 0.5 0.25) (layer B.Fab) (width 0.1))
    (fp_line (start 0.5 0.25) (end 0.5 -0.25) (layer B.Fab) (width 0.1))
    (fp_line (start 0.5 -0.25) (end -0.5 -0.25) (layer B.Fab) (width 0.1))
    (fp_line (start -0.107836 0.36) (end 0.107836 0.36) (layer B.SilkS) (width 0.12))
    (fp_line (start -0.107836 -0.36) (end 0.107836 -0.36) (layer B.SilkS) (width 0.12))
    (fp_line (start -0.91 -0.46) (end -0.91 0.46) (layer B.CrtYd) (width 0.05))
    (fp_line (start -0.91 0.46) (end 0.91 0.46) (layer B.CrtYd) (width 0.05))
    (fp_line (start 0.91 0.46) (end 0.91 -0.46) (layer B.CrtYd) (width 0.05))
    (fp_line (start 0.91 -0.46) (end -0.91 -0.46) (layer B.CrtYd) (width 0.05))
    (pad 2 smd roundrect (at 0.48 0 180) (size 0.56 0.62) (layers B.Cu B.Paste B.Mask) (roundrect_rratio 0.25)
      (net 2 GND))
    (pad 1 smd roundrect (at -0.48 0 180) (size 0.56 0.62) (layers B.Cu B.Paste B.Mask) (roundrect_rratio 0.25)
      (net 8 DAC_REFCLK))
    (model ${KISYS3DMOD}/Capacitor_SMD.3dshapes/C_0402_1005Metric.wrl
      (at (xyz 0 0 0))
      (scale (xyz 1 1 1))
      (rotate (xyz 0 0 0))
    )
  )

  (module Resistor_SMD:R_0402_1005Metric (layer B.Cu) (tedit 5F68FEEE) (tstamp 608F7C6F)
    (at 189.5 91.25 180)
    (descr "Resistor SMD 0402 (1005 Metric), square (rectangular) end terminal, IPC_7351 nominal, (Body size source: IPC-SM-782 page 72, https://www.pcb-3d.com/wordpress/wp-content/uploads/ipc-sm-782a_amendment_1_and_2.pdf), generated with kicad-footprint-generator")
    (tags resistor)
    (path /61123EA6)
    (attr smd)
    (fp_text reference R8 (at 0 1.17) (layer B.SilkS)
      (effects (font (size 1 1) (thickness 0.15)) (justify mirror))
    )
    (fp_text value 100 (at 0 -1.17) (layer B.Fab)
      (effects (font (size 1 1) (thickness 0.15)) (justify mirror))
    )
    (fp_line (start 0.93 -0.47) (end -0.93 -0.47) (layer B.CrtYd) (width 0.05))
    (fp_line (start 0.93 0.47) (end 0.93 -0.47) (layer B.CrtYd) (width 0.05))
    (fp_line (start -0.93 0.47) (end 0.93 0.47) (layer B.CrtYd) (width 0.05))
    (fp_line (start -0.93 -0.47) (end -0.93 0.47) (layer B.CrtYd) (width 0.05))
    (fp_line (start -0.153641 -0.38) (end 0.153641 -0.38) (layer B.SilkS) (width 0.12))
    (fp_line (start -0.153641 0.38) (end 0.153641 0.38) (layer B.SilkS) (width 0.12))
    (fp_line (start 0.525 -0.27) (end -0.525 -0.27) (layer B.Fab) (width 0.1))
    (fp_line (start 0.525 0.27) (end 0.525 -0.27) (layer B.Fab) (width 0.1))
    (fp_line (start -0.525 0.27) (end 0.525 0.27) (layer B.Fab) (width 0.1))
    (fp_line (start -0.525 -0.27) (end -0.525 0.27) (layer B.Fab) (width 0.1))
    (fp_text user %R (at 0 0) (layer B.Fab)
      (effects (font (size 0.26 0.26) (thickness 0.04)) (justify mirror))
    )
    (pad 1 smd roundrect (at -0.51 0 180) (size 0.54 0.64) (layers B.Cu B.Paste B.Mask) (roundrect_rratio 0.25)
      (net 8 DAC_REFCLK))
    (pad 2 smd roundrect (at 0.51 0 180) (size 0.54 0.64) (layers B.Cu B.Paste B.Mask) (roundrect_rratio 0.25)
      (net 27 /DAC_CLK_R))
    (model ${KISYS3DMOD}/Resistor_SMD.3dshapes/R_0402_1005Metric.wrl
      (at (xyz 0 0 0))
      (scale (xyz 1 1 1))
      (rotate (xyz 0 0 0))
    )
  )

  (module Capacitor_SMD:C_0603_1608Metric (layer B.Cu) (tedit 5F68FEEE) (tstamp 608F9D5D)
    (at 200.95 101.55 90)
    (descr "Capacitor SMD 0603 (1608 Metric), square (rectangular) end terminal, IPC_7351 nominal, (Body size source: IPC-SM-782 page 76, https://www.pcb-3d.com/wordpress/wp-content/uploads/ipc-sm-782a_amendment_1_and_2.pdf), generated with kicad-footprint-generator")
    (tags capacitor)
    (path /61268582)
    (attr smd)
    (fp_text reference C19 (at 0 1.43 270) (layer B.SilkS)
      (effects (font (size 1 1) (thickness 0.15)) (justify mirror))
    )
    (fp_text value 10u (at 0 -1.43 270) (layer B.Fab)
      (effects (font (size 1 1) (thickness 0.15)) (justify mirror))
    )
    (fp_line (start 1.48 -0.73) (end -1.48 -0.73) (layer B.CrtYd) (width 0.05))
    (fp_line (start 1.48 0.73) (end 1.48 -0.73) (layer B.CrtYd) (width 0.05))
    (fp_line (start -1.48 0.73) (end 1.48 0.73) (layer B.CrtYd) (width 0.05))
    (fp_line (start -1.48 -0.73) (end -1.48 0.73) (layer B.CrtYd) (width 0.05))
    (fp_line (start -0.14058 -0.51) (end 0.14058 -0.51) (layer B.SilkS) (width 0.12))
    (fp_line (start -0.14058 0.51) (end 0.14058 0.51) (layer B.SilkS) (width 0.12))
    (fp_line (start 0.8 -0.4) (end -0.8 -0.4) (layer B.Fab) (width 0.1))
    (fp_line (start 0.8 0.4) (end 0.8 -0.4) (layer B.Fab) (width 0.1))
    (fp_line (start -0.8 0.4) (end 0.8 0.4) (layer B.Fab) (width 0.1))
    (fp_line (start -0.8 -0.4) (end -0.8 0.4) (layer B.Fab) (width 0.1))
    (fp_text user %R (at 0 0 270) (layer B.Fab)
      (effects (font (size 0.4 0.4) (thickness 0.06)) (justify mirror))
    )
    (pad 1 smd roundrect (at -0.775 0 90) (size 0.9 0.95) (layers B.Cu B.Paste B.Mask) (roundrect_rratio 0.25)
      (net 13 "Net-(C19-Pad1)"))
    (pad 2 smd roundrect (at 0.775 0 90) (size 0.9 0.95) (layers B.Cu B.Paste B.Mask) (roundrect_rratio 0.25)
      (net 14 "Net-(C19-Pad2)"))
    (model ${KISYS3DMOD}/Capacitor_SMD.3dshapes/C_0603_1608Metric.wrl
      (at (xyz 0 0 0))
      (scale (xyz 1 1 1))
      (rotate (xyz 0 0 0))
    )
  )

  (module Capacitor_SMD:C_0603_1608Metric (layer B.Cu) (tedit 5F68FEEE) (tstamp 608F9D2D)
    (at 194.95 101.55 90)
    (descr "Capacitor SMD 0603 (1608 Metric), square (rectangular) end terminal, IPC_7351 nominal, (Body size source: IPC-SM-782 page 76, https://www.pcb-3d.com/wordpress/wp-content/uploads/ipc-sm-782a_amendment_1_and_2.pdf), generated with kicad-footprint-generator")
    (tags capacitor)
    (path /61269C45)
    (attr smd)
    (fp_text reference C20 (at 0 1.43 270) (layer B.SilkS)
      (effects (font (size 1 1) (thickness 0.15)) (justify mirror))
    )
    (fp_text value 10u (at 0 -1.43 270) (layer B.Fab)
      (effects (font (size 1 1) (thickness 0.15)) (justify mirror))
    )
    (fp_text user %R (at 0 0 270) (layer B.Fab)
      (effects (font (size 0.4 0.4) (thickness 0.06)) (justify mirror))
    )
    (fp_line (start -0.8 -0.4) (end -0.8 0.4) (layer B.Fab) (width 0.1))
    (fp_line (start -0.8 0.4) (end 0.8 0.4) (layer B.Fab) (width 0.1))
    (fp_line (start 0.8 0.4) (end 0.8 -0.4) (layer B.Fab) (width 0.1))
    (fp_line (start 0.8 -0.4) (end -0.8 -0.4) (layer B.Fab) (width 0.1))
    (fp_line (start -0.14058 0.51) (end 0.14058 0.51) (layer B.SilkS) (width 0.12))
    (fp_line (start -0.14058 -0.51) (end 0.14058 -0.51) (layer B.SilkS) (width 0.12))
    (fp_line (start -1.48 -0.73) (end -1.48 0.73) (layer B.CrtYd) (width 0.05))
    (fp_line (start -1.48 0.73) (end 1.48 0.73) (layer B.CrtYd) (width 0.05))
    (fp_line (start 1.48 0.73) (end 1.48 -0.73) (layer B.CrtYd) (width 0.05))
    (fp_line (start 1.48 -0.73) (end -1.48 -0.73) (layer B.CrtYd) (width 0.05))
    (pad 2 smd roundrect (at 0.775 0 90) (size 0.9 0.95) (layers B.Cu B.Paste B.Mask) (roundrect_rratio 0.25)
      (net 15 "Net-(C20-Pad2)"))
    (pad 1 smd roundrect (at -0.775 0 90) (size 0.9 0.95) (layers B.Cu B.Paste B.Mask) (roundrect_rratio 0.25)
      (net 16 "Net-(C20-Pad1)"))
    (model ${KISYS3DMOD}/Capacitor_SMD.3dshapes/C_0603_1608Metric.wrl
      (at (xyz 0 0 0))
      (scale (xyz 1 1 1))
      (rotate (xyz 0 0 0))
    )
  )

  (module Capacitor_SMD:C_0603_1608Metric (layer B.Cu) (tedit 5F68FEEE) (tstamp 608F9CFD)
    (at 199.2 104.55 270)
    (descr "Capacitor SMD 0603 (1608 Metric), square (rectangular) end terminal, IPC_7351 nominal, (Body size source: IPC-SM-782 page 76, https://www.pcb-3d.com/wordpress/wp-content/uploads/ipc-sm-782a_amendment_1_and_2.pdf), generated with kicad-footprint-generator")
    (tags capacitor)
    (path /60ECE657)
    (attr smd)
    (fp_text reference C22 (at 0 1.43 270) (layer B.SilkS)
      (effects (font (size 1 1) (thickness 0.15)) (justify mirror))
    )
    (fp_text value 10u (at 0 -1.43 270) (layer B.Fab)
      (effects (font (size 1 1) (thickness 0.15)) (justify mirror))
    )
    (fp_line (start 1.48 -0.73) (end -1.48 -0.73) (layer B.CrtYd) (width 0.05))
    (fp_line (start 1.48 0.73) (end 1.48 -0.73) (layer B.CrtYd) (width 0.05))
    (fp_line (start -1.48 0.73) (end 1.48 0.73) (layer B.CrtYd) (width 0.05))
    (fp_line (start -1.48 -0.73) (end -1.48 0.73) (layer B.CrtYd) (width 0.05))
    (fp_line (start -0.14058 -0.51) (end 0.14058 -0.51) (layer B.SilkS) (width 0.12))
    (fp_line (start -0.14058 0.51) (end 0.14058 0.51) (layer B.SilkS) (width 0.12))
    (fp_line (start 0.8 -0.4) (end -0.8 -0.4) (layer B.Fab) (width 0.1))
    (fp_line (start 0.8 0.4) (end 0.8 -0.4) (layer B.Fab) (width 0.1))
    (fp_line (start -0.8 0.4) (end 0.8 0.4) (layer B.Fab) (width 0.1))
    (fp_line (start -0.8 -0.4) (end -0.8 0.4) (layer B.Fab) (width 0.1))
    (fp_text user %R (at 0 0 270) (layer B.Fab)
      (effects (font (size 0.4 0.4) (thickness 0.06)) (justify mirror))
    )
    (pad 1 smd roundrect (at -0.775 0 270) (size 0.9 0.95) (layers B.Cu B.Paste B.Mask) (roundrect_rratio 0.25)
      (net 2 GND))
    (pad 2 smd roundrect (at 0.775 0 270) (size 0.9 0.95) (layers B.Cu B.Paste B.Mask) (roundrect_rratio 0.25)
      (net 17 AUDIO_R))
    (model ${KISYS3DMOD}/Capacitor_SMD.3dshapes/C_0603_1608Metric.wrl
      (at (xyz 0 0 0))
      (scale (xyz 1 1 1))
      (rotate (xyz 0 0 0))
    )
  )

  (module Capacitor_SMD:C_0603_1608Metric (layer B.Cu) (tedit 5F68FEEE) (tstamp 608F9CCD)
    (at 197.7 104.55 90)
    (descr "Capacitor SMD 0603 (1608 Metric), square (rectangular) end terminal, IPC_7351 nominal, (Body size source: IPC-SM-782 page 76, https://www.pcb-3d.com/wordpress/wp-content/uploads/ipc-sm-782a_amendment_1_and_2.pdf), generated with kicad-footprint-generator")
    (tags capacitor)
    (path /60EDA34A)
    (attr smd)
    (fp_text reference C23 (at 0 1.43 270) (layer B.SilkS)
      (effects (font (size 1 1) (thickness 0.15)) (justify mirror))
    )
    (fp_text value 10u (at 0 -1.43 270) (layer B.Fab)
      (effects (font (size 1 1) (thickness 0.15)) (justify mirror))
    )
    (fp_text user %R (at 0 0 270) (layer B.Fab)
      (effects (font (size 0.4 0.4) (thickness 0.06)) (justify mirror))
    )
    (fp_line (start -0.8 -0.4) (end -0.8 0.4) (layer B.Fab) (width 0.1))
    (fp_line (start -0.8 0.4) (end 0.8 0.4) (layer B.Fab) (width 0.1))
    (fp_line (start 0.8 0.4) (end 0.8 -0.4) (layer B.Fab) (width 0.1))
    (fp_line (start 0.8 -0.4) (end -0.8 -0.4) (layer B.Fab) (width 0.1))
    (fp_line (start -0.14058 0.51) (end 0.14058 0.51) (layer B.SilkS) (width 0.12))
    (fp_line (start -0.14058 -0.51) (end 0.14058 -0.51) (layer B.SilkS) (width 0.12))
    (fp_line (start -1.48 -0.73) (end -1.48 0.73) (layer B.CrtYd) (width 0.05))
    (fp_line (start -1.48 0.73) (end 1.48 0.73) (layer B.CrtYd) (width 0.05))
    (fp_line (start 1.48 0.73) (end 1.48 -0.73) (layer B.CrtYd) (width 0.05))
    (fp_line (start 1.48 -0.73) (end -1.48 -0.73) (layer B.CrtYd) (width 0.05))
    (pad 2 smd roundrect (at 0.775 0 90) (size 0.9 0.95) (layers B.Cu B.Paste B.Mask) (roundrect_rratio 0.25)
      (net 2 GND))
    (pad 1 smd roundrect (at -0.775 0 90) (size 0.9 0.95) (layers B.Cu B.Paste B.Mask) (roundrect_rratio 0.25)
      (net 18 AUDIO_L))
    (model ${KISYS3DMOD}/Capacitor_SMD.3dshapes/C_0603_1608Metric.wrl
      (at (xyz 0 0 0))
      (scale (xyz 1 1 1))
      (rotate (xyz 0 0 0))
    )
  )

  (module Resistor_SMD:R_0402_1005Metric (layer B.Cu) (tedit 5F68FEEE) (tstamp 608F9C0D)
    (at 197.7 101.05 270)
    (descr "Resistor SMD 0402 (1005 Metric), square (rectangular) end terminal, IPC_7351 nominal, (Body size source: IPC-SM-782 page 72, https://www.pcb-3d.com/wordpress/wp-content/uploads/ipc-sm-782a_amendment_1_and_2.pdf), generated with kicad-footprint-generator")
    (tags resistor)
    (path /6102EDD6)
    (attr smd)
    (fp_text reference R17 (at 0 1.17 270) (layer B.SilkS)
      (effects (font (size 1 1) (thickness 0.15)) (justify mirror))
    )
    (fp_text value 100 (at 0 -1.17 270) (layer B.Fab)
      (effects (font (size 1 1) (thickness 0.15)) (justify mirror))
    )
    (fp_text user %R (at 0 0 270) (layer B.Fab)
      (effects (font (size 0.26 0.26) (thickness 0.04)) (justify mirror))
    )
    (fp_line (start -0.525 -0.27) (end -0.525 0.27) (layer B.Fab) (width 0.1))
    (fp_line (start -0.525 0.27) (end 0.525 0.27) (layer B.Fab) (width 0.1))
    (fp_line (start 0.525 0.27) (end 0.525 -0.27) (layer B.Fab) (width 0.1))
    (fp_line (start 0.525 -0.27) (end -0.525 -0.27) (layer B.Fab) (width 0.1))
    (fp_line (start -0.153641 0.38) (end 0.153641 0.38) (layer B.SilkS) (width 0.12))
    (fp_line (start -0.153641 -0.38) (end 0.153641 -0.38) (layer B.SilkS) (width 0.12))
    (fp_line (start -0.93 -0.47) (end -0.93 0.47) (layer B.CrtYd) (width 0.05))
    (fp_line (start -0.93 0.47) (end 0.93 0.47) (layer B.CrtYd) (width 0.05))
    (fp_line (start 0.93 0.47) (end 0.93 -0.47) (layer B.CrtYd) (width 0.05))
    (fp_line (start 0.93 -0.47) (end -0.93 -0.47) (layer B.CrtYd) (width 0.05))
    (pad 2 smd roundrect (at 0.51 0 270) (size 0.54 0.64) (layers B.Cu B.Paste B.Mask) (roundrect_rratio 0.25)
      (net 2 GND))
    (pad 1 smd roundrect (at -0.51 0 270) (size 0.54 0.64) (layers B.Cu B.Paste B.Mask) (roundrect_rratio 0.25)
      (net 34 "Net-(R17-Pad1)"))
    (model ${KISYS3DMOD}/Resistor_SMD.3dshapes/R_0402_1005Metric.wrl
      (at (xyz 0 0 0))
      (scale (xyz 1 1 1))
      (rotate (xyz 0 0 0))
    )
  )

  (module Resistor_SMD:R_0402_1005Metric (layer B.Cu) (tedit 5F68FEEE) (tstamp 608F9BDD)
    (at 199.7 102.05 90)
    (descr "Resistor SMD 0402 (1005 Metric), square (rectangular) end terminal, IPC_7351 nominal, (Body size source: IPC-SM-782 page 72, https://www.pcb-3d.com/wordpress/wp-content/uploads/ipc-sm-782a_amendment_1_and_2.pdf), generated with kicad-footprint-generator")
    (tags resistor)
    (path /609496E3)
    (attr smd)
    (fp_text reference R24 (at 0 1.17 270) (layer B.SilkS)
      (effects (font (size 1 1) (thickness 0.15)) (justify mirror))
    )
    (fp_text value 220k (at 0 -1.17 270) (layer B.Fab)
      (effects (font (size 1 1) (thickness 0.15)) (justify mirror))
    )
    (fp_line (start 0.93 -0.47) (end -0.93 -0.47) (layer B.CrtYd) (width 0.05))
    (fp_line (start 0.93 0.47) (end 0.93 -0.47) (layer B.CrtYd) (width 0.05))
    (fp_line (start -0.93 0.47) (end 0.93 0.47) (layer B.CrtYd) (width 0.05))
    (fp_line (start -0.93 -0.47) (end -0.93 0.47) (layer B.CrtYd) (width 0.05))
    (fp_line (start -0.153641 -0.38) (end 0.153641 -0.38) (layer B.SilkS) (width 0.12))
    (fp_line (start -0.153641 0.38) (end 0.153641 0.38) (layer B.SilkS) (width 0.12))
    (fp_line (start 0.525 -0.27) (end -0.525 -0.27) (layer B.Fab) (width 0.1))
    (fp_line (start 0.525 0.27) (end 0.525 -0.27) (layer B.Fab) (width 0.1))
    (fp_line (start -0.525 0.27) (end 0.525 0.27) (layer B.Fab) (width 0.1))
    (fp_line (start -0.525 -0.27) (end -0.525 0.27) (layer B.Fab) (width 0.1))
    (fp_text user %R (at 0 0 270) (layer B.Fab)
      (effects (font (size 0.26 0.26) (thickness 0.04)) (justify mirror))
    )
    (pad 1 smd roundrect (at -0.51 0 90) (size 0.54 0.64) (layers B.Cu B.Paste B.Mask) (roundrect_rratio 0.25)
      (net 13 "Net-(C19-Pad1)"))
    (pad 2 smd roundrect (at 0.51 0 90) (size 0.54 0.64) (layers B.Cu B.Paste B.Mask) (roundrect_rratio 0.25)
      (net 2 GND))
    (model ${KISYS3DMOD}/Resistor_SMD.3dshapes/R_0402_1005Metric.wrl
      (at (xyz 0 0 0))
      (scale (xyz 1 1 1))
      (rotate (xyz 0 0 0))
    )
  )

  (module Resistor_SMD:R_0402_1005Metric (layer B.Cu) (tedit 5F68FEEE) (tstamp 608F9BAD)
    (at 196.2 102.05 270)
    (descr "Resistor SMD 0402 (1005 Metric), square (rectangular) end terminal, IPC_7351 nominal, (Body size source: IPC-SM-782 page 72, https://www.pcb-3d.com/wordpress/wp-content/uploads/ipc-sm-782a_amendment_1_and_2.pdf), generated with kicad-footprint-generator")
    (tags resistor)
    (path /60948DF6)
    (attr smd)
    (fp_text reference R25 (at 0 1.17 270) (layer B.SilkS)
      (effects (font (size 1 1) (thickness 0.15)) (justify mirror))
    )
    (fp_text value 220k (at 0 -1.17 270) (layer B.Fab)
      (effects (font (size 1 1) (thickness 0.15)) (justify mirror))
    )
    (fp_line (start 0.93 -0.47) (end -0.93 -0.47) (layer B.CrtYd) (width 0.05))
    (fp_line (start 0.93 0.47) (end 0.93 -0.47) (layer B.CrtYd) (width 0.05))
    (fp_line (start -0.93 0.47) (end 0.93 0.47) (layer B.CrtYd) (width 0.05))
    (fp_line (start -0.93 -0.47) (end -0.93 0.47) (layer B.CrtYd) (width 0.05))
    (fp_line (start -0.153641 -0.38) (end 0.153641 -0.38) (layer B.SilkS) (width 0.12))
    (fp_line (start -0.153641 0.38) (end 0.153641 0.38) (layer B.SilkS) (width 0.12))
    (fp_line (start 0.525 -0.27) (end -0.525 -0.27) (layer B.Fab) (width 0.1))
    (fp_line (start 0.525 0.27) (end 0.525 -0.27) (layer B.Fab) (width 0.1))
    (fp_line (start -0.525 0.27) (end 0.525 0.27) (layer B.Fab) (width 0.1))
    (fp_line (start -0.525 -0.27) (end -0.525 0.27) (layer B.Fab) (width 0.1))
    (fp_text user %R (at 0 0 270) (layer B.Fab)
      (effects (font (size 0.26 0.26) (thickness 0.04)) (justify mirror))
    )
    (pad 1 smd roundrect (at -0.51 0 270) (size 0.54 0.64) (layers B.Cu B.Paste B.Mask) (roundrect_rratio 0.25)
      (net 2 GND))
    (pad 2 smd roundrect (at 0.51 0 270) (size 0.54 0.64) (layers B.Cu B.Paste B.Mask) (roundrect_rratio 0.25)
      (net 16 "Net-(C20-Pad1)"))
    (model ${KISYS3DMOD}/Resistor_SMD.3dshapes/R_0402_1005Metric.wrl
      (at (xyz 0 0 0))
      (scale (xyz 1 1 1))
      (rotate (xyz 0 0 0))
    )
  )

  (module Resistor_SMD:R_0402_1005Metric (layer B.Cu) (tedit 5F68FEEE) (tstamp 608F9B7D)
    (at 200.45 104.8 90)
    (descr "Resistor SMD 0402 (1005 Metric), square (rectangular) end terminal, IPC_7351 nominal, (Body size source: IPC-SM-782 page 72, https://www.pcb-3d.com/wordpress/wp-content/uploads/ipc-sm-782a_amendment_1_and_2.pdf), generated with kicad-footprint-generator")
    (tags resistor)
    (path /60949BC8)
    (attr smd)
    (fp_text reference R26 (at 0 1.17 270) (layer B.SilkS)
      (effects (font (size 1 1) (thickness 0.15)) (justify mirror))
    )
    (fp_text value 100 (at 0 -1.17 270) (layer B.Fab)
      (effects (font (size 1 1) (thickness 0.15)) (justify mirror))
    )
    (fp_text user %R (at 0 0 270) (layer B.Fab)
      (effects (font (size 0.26 0.26) (thickness 0.04)) (justify mirror))
    )
    (fp_line (start -0.525 -0.27) (end -0.525 0.27) (layer B.Fab) (width 0.1))
    (fp_line (start -0.525 0.27) (end 0.525 0.27) (layer B.Fab) (width 0.1))
